1050,241,3.5
1050,7,4.0
1050,206,3.5
1050,220,4.0
1050,17,3.5
1050,205,2.5
1050,4,3.5
1050,246,4.0
1050,243,3.0
1051,220,4.0
1051,17,3.0
1051,9,3.5
1052,9,3.0
1052,216,3.5
1052,255,2.5
1052,239,4.0
1052,254,2.5
1052,10,4.0
1055,215,4.0
1055,17,3.0
1055,13,4.0
1056,215,4.0
1056,213,4.0
1056,2,3.5
1056,217,3.0
1056,8,4.0
1057,17,4.0
1057,12,3.5
1060,15,3.0
1060,781,3.0
1060,1116,0.5
1060,391,1.5
1060,70,2.5
1060,1655,2.5
1060,1348,0.5
1061,252,3.0
1062,17,4.0
1062,205,3.5
1062,207,3.5
1064,213,4.0
1064,7,4.0
1064,211,4.0
1064,781,3.0
1064,501,4.0
1064,1392,4.0
1064,540,2.0
1064,455,3.0
1064,940,3.5
1065,9,4.0
1065,216,4.0
1065,257,3.0
1065,1237,3.0
1065,123,1.0
1065,352,1.0
1065,1837,0.5
1065,638,4.0
1065,719,2.5
1065,499,0.5
1066,235,3.5
1066,3,3.0
1067,2,4.0
1067,239,3.0
1067,212,1.0
1067,11,4.0
1067,4,4.0
1067,233,3.5
1068,17,4.0
1068,1542,3.5
1069,213,2.5
1069,7,3.5
1069,12,4.0
1069,217,3.5
1069,245,3.5
1069,219,3.5
1069,13,4.0
1071,250,4.0
1071,213,4.0
1071,7,4.0
1071,235,4.0
1071,254,3.0
1071,13,4.0
1071,253,3.0
1072,7,4.0
1072,235,3.0
1072,11,4.0
1072,207,3.0
1073,7,4.0
1073,245,3.5
1073,3,3.5
1073,212,1.0
1073,254,3.0
1073,13,4.0
1073,6,3.5
1073,246,3.5
1074,3,3.0
1075,9,4.0
1075,121,3.0
1075,211,4.0
1075,217,4.0
1075,239,3.0
1075,4,4.0
1076,4,4.0
1076,207,3.0
1077,251,4.0
1077,257,3.0
1077,248,3.5
1078,250,4.0
1078,5,4.0
1078,206,4.0
1078,255,4.0
1078,245,3.5
1078,13,4.0
1078,252,1.5
1078,233,3.5
1078,210,3.5
1079,7,4.0
1080,17,3.5
1080,245,4.0
1080,219,3.0
1080,212,1.0
1080,11,4.0
1080,13,4.0
1080,6,2.5
1080,246,3.5
1081,215,4.0
1081,5,3.0
1081,7,4.0
1081,214,3.5
1081,239,3.0
1081,219,3.5
1081,244,1.5
1081,257,3.0
1081,207,3.0
1081,8,3.5
1081,249,3.5
1081,247,3.0
1082,4,4.0
1082,233,3.5
1083,7,4.0
1083,12,3.0
1083,257,3.0
1083,207,3.0
1084,220,4.0
1084,2,4.0
1084,12,3.5
1085,251,1.5
1085,220,4.0
1085,12,3.5
1085,216,4.0
1085,3,3.0
1085,252,3.0
1085,4,3.5
1085,253,3.0
1086,235,4.0
1087,17,3.5
1087,236,4.0
1087,255,2.5
1087,219,3.0
1087,244,3.0
1087,210,3.5
1087,247,2.5
1088,251,1.5
1088,213,2.5
1088,7,4.0
1088,9,4.0
1088,205,4.0
1088,13,4.0
1088,207,3.0
1089,241,3.5
1089,220,4.0
1089,211,3.5
1089,10,4.0
1089,252,3.0
1089,257,3.5
1089,8,1.5
1089,248,3.5
1089,243,3.0
1090,215,4.0
1091,7,4.0
1091,1,4.0
1092,213,3.0
1092,255,3.5
1092,13,4.0
1094,215,4.0
1094,3,4.0
1094,4,4.0
1095,250,4.0
1095,236,4.0
1095,121,3.0
1095,234,4.0
1095,219,3.0
1095,11,4.0
1095,252,3.0
1095,257,3.5
1095,249,2.0
1096,250,4.0
1096,213,2.5
1096,236,4.0
1096,255,4.0
1096,239,4.0
1096,11,4.0
1096,4,4.0
1096,8,4.0
1096,243,3.0
1099,251,3.0
1099,206,4.0
1099,17,3.5
1099,236,4.0
1099,121,2.0
1099,254,4.0
1099,1,3.0
1100,5,3.5
1100,7,4.0
1100,9,3.0
1100,205,3.0
1100,10,4.0
1101,12,3.5
1101,239,4.0
1101,11,4.0
1101,706,2.5
1102,2,4.0
1102,1844,3.0
1103,13,4.0
1104,17,3.0
1104,763,4.0
1104,635,4.0
1104,627,4.0
1104,625,4.0
1104,646,4.0
1104,610,3.0
1104,644,4.0
1104,651,0.5
1104,630,4.0
1104,642,0.5
1104,480,2.5
1104,621,4.0
1105,213,3.5
1105,5,3.0
1105,3,3.0
1105,11,4.0
1108,5,3.0
1108,236,4.0
1108,9,4.0
1108,255,4.0
1108,3,3.0
1108,257,3.0
1108,207,4.0
1108,210,3.5
1109,214,2.0
1109,245,1.5
1109,239,3.0
1109,244,1.5
1109,4,4.0
1109,233,3.5
1109,210,2.5
1109,243,4.0
1110,17,4.0
1110,11,4.0
1111,4,4.0
1111,977,4.0
1111,1847,0.5
1111,388,3.0
1112,213,3.0
1112,219,3.5
1112,11,4.0
1112,1,3.0
1112,207,3.0
1113,4,4.0
1114,5,4.0
1114,12,4.0
1114,9,4.0
1114,11,4.0
1114,207,4.0
1114,6,4.0
1115,215,4.0
1115,236,4.0
1115,121,2.5
1115,3,3.0
1115,212,1.0
1115,254,4.0
1116,7,4.0
1116,254,3.0
1116,1,3.0
1116,253,3.0
1117,2,4.0
1118,250,4.0
1118,236,4.0
1118,13,4.0
1118,1,3.0
1120,213,3.0
1120,3,3.0
1120,10,3.0
1121,215,4.0
1121,241,3.5
1121,10,4.0
1121,13,4.0
1121,4,4.0
1121,207,3.0
1122,7,4.0
1122,17,3.5
1122,12,4.0
1122,9,3.0
1122,205,4.0
1122,239,3.0
1122,207,3.0
1122,246,3.5
1123,5,3.5
1123,2,3.5
1123,12,3.0
1123,8,3.5
1124,207,3.5
1124,253,3.0
1125,216,4.0
1125,255,4.0
1125,11,4.0
1126,215,4.0
1126,9,3.5
1126,255,4.0
1126,234,4.0
1126,217,4.0
1126,3,3.0
1126,11,4.0
1126,13,4.0
1126,1,3.0
1126,257,3.5
1126,233,3.0
1126,84,3.5
1127,7,4.0
1127,17,4.0
1127,235,3.0
1127,12,3.0
1127,3,3.0
1129,207,3.0
1130,215,4.0
1130,241,3.5
1130,7,4.0
1130,220,4.0
1130,9,3.5
1130,234,4.0
1130,217,4.0
1130,212,1.0
1130,252,0.5
1130,207,3.0
1130,248,3.5
1130,249,4.0
1130,256,4.0
1132,250,4.0
1132,5,3.0
1132,255,4.0
1132,245,3.5
1132,8,4.0
1133,241,3.5
1133,7,4.0
1133,9,2.5
1133,207,3.5
1133,278,3.5
1133,1831,3.0
1133,308,3.5
1133,539,2.0
1133,903,0.5
1135,7,4.0
1135,1,3.0
1137,7,4.0
1137,2,4.0
1138,215,4.0
1138,12,4.0
1138,214,2.0
1138,207,3.0
1138,246,3.5
1138,247,3.5
1139,250,4.0
1139,251,1.5
1139,213,4.0
1139,2,3.0
1139,12,4.0
1139,255,4.0
1139,239,3.0
1139,4,3.5
1139,233,3.5
1139,6,2.5
1139,256,3.5
1140,235,3.0
1140,9,2.5
1140,1,3.0
1140,233,3.0
1140,1852,0.5
1140,589,2.5
1141,17,4.0
1141,9,4.0
1141,3,3.5
1141,10,4.0
1142,241,3.5
1142,17,3.0
1142,235,3.5
1142,121,2.0
1142,216,4.0
1142,13,4.0
1142,252,3.0
1142,210,3.5
1142,246,2.5
1143,17,4.0
1143,236,4.0
1143,9,4.0
1143,255,4.0
1144,5,4.0
1144,206,4.0
1144,235,3.5
1144,12,4.0
1144,121,2.0
1144,216,4.0
1144,234,4.0
1144,211,4.0
1144,212,4.0
1144,244,3.5
1144,13,4.0
1144,246,3.5
1144,253,4.0
1144,243,3.0
1145,7,4.0
1145,17,4.0
1146,215,4.0
1146,206,2.0
1146,220,4.0
1146,9,3.0
1146,211,4.0
1146,245,2.5
1146,254,3.0
1146,1,3.0
1146,207,3.0
1146,243,3.0
1147,207,3.0
1147,391,1.5
1147,270,4.0
1147,589,4.0
1147,958,1.5
1147,830,3.0
1147,847,3.5
1147,598,3.0
1147,944,0.5
1147,680,3.0
1147,968,4.0
1147,747,0.5
1147,810,3.0
1148,5,3.5
1148,17,4.0
1148,12,3.5
1148,121,2.0
1148,3,3.0
1148,212,3.0
1148,244,1.5
1148,207,3.5
1148,233,3.5
1148,84,3.5
1148,256,3.5
1148,247,3.0
1149,17,4.0
1149,2,3.5
1149,10,4.0
1149,675,4.0
1149,447,3.5
1149,1405,3.0
1149,1398,4.0
1149,307,4.0
1149,434,4.0
1149,676,3.5
1150,236,4.0
1150,11,4.0
1150,257,3.5
1150,84,3.0
1152,241,3.5
1152,235,3.5
1152,217,4.0
1152,245,3.5
1152,219,4.0
1152,10,3.0
1152,13,4.0
1152,207,3.5
1152,233,3.5
1152,246,3.0
1152,84,3.0
1153,250,3.5
1153,7,4.0
1153,206,4.0
1153,12,3.0
1153,234,4.0
1153,10,4.0
1153,13,4.0
1153,1,3.0
1153,233,3.5
1153,781,3.0
1153,717,4.0
1153,805,3.5
1153,977,4.0
1153,347,3.5
1153,256,3.5
1153,388,3.0
1153,699,4.0
1153,847,4.0
1153,1198,4.0
1153,676,3.5
1153,620,4.0
1153,1026,4.0
1153,402,0.5
1153,419,3.5
1153,470,0.5
1153,457,0.5
1153,485,4.0
1153,705,4.0
1153,438,3.5
1154,215,4.0
1154,11,4.0
1154,10,3.0
1155,251,1.5
1155,5,3.0
1155,17,3.5
1155,12,4.0
1155,121,2.0
1155,217,4.0
1155,3,3.0
1155,212,4.0
1155,243,3.0
1156,213,4.0
1156,7,4.0
1156,12,3.0
1156,211,4.0
1156,217,3.0
1157,213,3.5
1157,5,3.0
1157,7,4.0
1157,206,3.5
1157,499,0.5
1157,699,4.0
1157,434,4.0
1157,486,4.0
1157,1109,1.0
1157,31,3.0
1157,1860,0.5
1157,806,4.0
1158,250,4.0
1158,213,3.5
1158,7,4.0
1158,236,4.0
1158,205,3.5
1158,239,4.0
1158,11,4.0
1158,253,3.0
1159,215,4.0
1159,241,3.5
1159,206,3.0
1159,17,3.5
1159,236,4.0
1159,255,2.5
1159,234,4.0
1159,205,3.0
1159,219,3.0
1159,10,4.0
1159,252,2.0
1159,207,2.5
1159,210,3.0
1159,253,3.0
1159,256,3.0
1159,734,1.0
1161,213,4.0
1161,245,3.5
1161,4,4.0
1161,207,3.5
1161,233,3.5
1162,9,3.0
1162,216,3.5
1162,239,3.0
1162,207,3.0
1162,247,3.5
1162,478,3.5
1162,127,0.5
1162,955,2.5
1163,2,4.0
1163,1865,0.5
1164,7,4.0
1164,2,4.0
1164,216,4.0
1164,234,4.0
1164,13,4.0
1164,1,3.0
1164,494,0.5
1164,347,3.5
1164,1171,2.0
1165,235,3.0
1165,210,3.5
1167,215,4.0
1167,250,3.5
1167,7,4.0
1167,17,3.0
1167,235,3.0
1167,255,4.0
1167,1,3.0
1167,6,3.0
1168,236,4.0
1169,207,4.0
1170,215,4.0
1173,235,4.0
1173,214,3.5
1173,254,3.0
1173,362,3.0
1173,1641,4.0
1173,1867,0.5
1173,1868,0.5
1173,1870,0.5
1173,1881,0.5
1173,1884,0.5
1174,299,4.0
1175,251,1.5
1175,7,4.0
1175,17,3.5
1175,235,3.5
1175,255,4.0
1175,234,4.0
1175,217,4.0
1175,212,1.0
1175,254,2.5
1175,13,4.0
1175,257,3.5
1175,4,3.5
1175,210,3.0
1175,84,3.5
1175,243,3.0
1175,247,3.0
1176,588,3.0
1178,210,3.0
1180,7,4.0
1180,499,3.0
1180,715,2.0
1180,410,4.0
1182,10,3.0
1182,13,4.0
1183,251,4.0
1183,7,4.0
1183,220,4.0
1183,4,3.0
1183,207,3.0
1183,1448,4.0
1184,213,3.5
1184,220,4.0
1184,121,2.0
1184,239,3.5
1184,13,4.0
1185,292,3.5
1186,241,3.5
1186,235,3.0
1187,206,4.0
1187,220,4.0
1187,236,4.0
1187,12,3.5
1187,255,2.5
1187,244,3.5
1187,1,3.5
1187,207,3.0
1187,866,3.5
1187,607,2.0
1187,1836,3.0
1187,638,4.0
1187,799,4.0
1187,318,4.0
1187,738,2.5
1187,510,1.0
1187,432,4.0
1187,617,4.0
1187,436,3.0
1187,702,3.5
1187,410,4.0
1187,591,1.5
1187,189,4.0
1187,1890,0.5
1187,1599,3.0
1187,1006,0.5
1187,1060,1.0
1187,310,3.5
1187,550,4.0
1187,1901,0.5
1187,722,0.5
1187,1385,0.5
1187,1652,3.0
1187,1194,4.0
1187,1628,3.5
1187,1440,0.5
1187,947,0.5
1187,1784,0.5
1187,1909,0.5
1187,761,0.5
1187,1916,0.5
1187,1917,0.5
1187,1920,0.5
1187,1924,0.5
1187,132,3.5
1187,301,3.0
1188,241,3.5
1188,7,4.0
1188,9,2.5
1188,255,4.0
1188,211,4.0
1188,217,3.5
1188,13,4.0
1189,3,3.0
1189,219,3.0
1189,1,3.0
1189,6,2.5
1190,13,4.0
1191,10,4.0
1192,7,4.0
1193,215,4.0
1193,220,4.0
1193,236,4.0
1193,9,4.0
1193,216,3.0
1193,239,3.0
1193,219,3.0
1193,254,3.0
1193,207,3.0
1193,8,4.0
1193,233,3.0
1193,210,3.5
1193,249,4.0
1194,12,3.0
1194,103,3.0
1195,2,4.0
1196,7,4.0
1197,213,2.5
1197,211,4.0
1198,215,4.0
1198,216,4.0
1198,255,2.5
1198,234,4.0
1198,212,1.0
1198,10,4.0
1198,249,4.0
1199,241,3.5
1199,12,4.0
1199,217,4.0
1199,245,3.5
1199,239,4.0
1199,3,3.0
1199,11,4.0
1199,13,4.0
1199,1,3.5
1199,252,3.5
1199,1116,3.5
1199,880,4.0
1199,638,4.0
1199,84,3.5
1199,248,3.5
1199,256,4.0
1199,313,4.0
1199,847,4.0
1199,1183,1.0
1199,275,3.5
1199,442,1.0
1199,343,4.0
1199,1605,3.5
1200,220,4.0
1200,236,4.0
1200,9,4.0
1200,8,4.0
1200,1442,4.0
1200,837,3.0
1200,348,4.0
1200,1930,0.5
1201,5,3.0
1201,7,4.0
1201,220,4.0
1201,245,2.5
1201,212,1.0
1201,233,3.5
1201,253,3.0
1201,84,3.5
1201,1932,3.5
1202,241,3.5
1202,12,4.0
1202,121,2.5
1202,214,1.5
1202,239,4.0
1202,212,1.0
1202,254,1.0
1202,13,4.0
1202,1,3.0
1202,257,3.0
1202,207,3.5
1202,8,3.5
1202,249,3.0
1203,17,4.0
1203,234,4.0
1203,8,4.0
1204,254,3.0
1205,9,3.5
1205,11,4.0
1206,5,3.5
1207,241,3.5
1208,592,0.5
1208,512,4.0
1208,746,2.5
1208,1275,3.0
1208,1018,3.0
1209,213,4.0
1209,241,3.5
1209,121,2.0
1209,217,3.0
1209,245,1.0
1209,4,4.0
1209,8,4.0
1209,246,3.5
1209,84,3.5
1209,243,3.0
1212,257,3.0
1212,4,4.0
1212,207,3.5
1212,805,3.5
1212,453,2.5
1212,167,4.0
1212,1128,0.5
1212,1938,0.5
1212,1606,0.5
1212,170,2.0
1212,1618,0.5
1212,1943,0.5
1212,1610,0.5
1212,1616,0.5
1212,1619,0.5
1212,1033,3.5
1212,1949,0.5
1212,1615,0.5
1213,7,4.0
1213,234,4.0
1214,11,4.0
1215,10,4.0
1216,11,4.0
1216,13,4.0
1217,7,4.0
1217,207,3.0
1218,250,4.0
1218,17,3.0
1218,121,3.0
1218,211,4.0
1218,217,4.0
1218,239,3.0
1218,254,2.5
1218,11,4.0
1218,13,4.0
1218,1,3.0
1218,257,3.5
1218,6,2.5
1218,210,3.0
1218,256,4.0
1218,247,3.5
1219,213,3.0
1220,2,4.0
1220,234,3.5
1220,3,4.0
1220,212,2.5
1220,13,4.0
1221,3,4.0
1222,214,3.5
1222,1,3.0
1223,220,3.5
1223,13,4.0
1223,1054,2.5
1223,1199,3.0
1224,257,3.0
1225,7,3.0
1225,206,1.5
1225,220,4.0
1225,12,4.0
1225,9,2.5
1225,216,4.0
1225,255,4.0
1225,234,4.0
1225,205,3.5
1225,214,1.5
1225,254,2.5
1225,1,3.0
1225,4,3.5
1225,8,3.5
1225,246,3.5
1225,248,3.5
1225,243,3.0
1226,250,4.0
1226,17,3.5
1226,2,4.0
1226,12,4.0
1226,9,3.5
1226,211,4.0
1226,11,4.0
1226,244,3.0
1226,10,4.0
1226,257,3.0
1226,248,3.5
1226,249,4.0
1226,256,4.0
1226,243,3.0
1228,250,4.0
1228,251,3.5
1228,3,3.0
1228,1,3.0
1228,4,3.5
1228,243,3.0
1228,247,3.0
1229,250,3.5
1229,241,3.5
1229,236,4.0
1229,246,3.0
1229,1597,2.0
1230,241,3.0
1230,206,2.0
1230,220,4.0
1230,17,3.0
1230,2,3.5
1230,12,3.0
1230,214,3.5
1230,245,3.5
1230,11,4.0
1230,257,3.0
1230,6,4.0
1230,256,3.5
1230,247,3.0
1231,241,3.0
1231,9,4.0
1231,8,4.0
1232,7,4.0
1232,12,3.5
1232,207,4.0
1233,10,3.0
1234,213,4.0
1234,7,4.0
1234,214,3.5
1234,207,3.5
1234,8,3.5
1235,241,3.5
1235,7,4.0
1235,220,4.0
1235,121,2.0
1235,234,4.0
1235,217,4.0
1235,3,4.0
1235,219,4.0
1235,11,4.0
1235,13,4.0
1235,207,3.0
1235,249,4.0
1235,243,3.0
1235,247,3.0
1236,217,3.0
1236,3,3.0
1236,10,3.0
1236,256,3.5
1237,1711,1.5
1238,215,4.0
1238,5,4.0
1238,12,3.0
1238,211,4.0
1238,245,3.5
1238,239,3.0
1238,254,4.0
1238,11,4.0
1238,244,3.5
1238,10,4.0
1238,1,3.0
1238,246,3.5
1239,9,4.0
1239,216,4.0
1239,205,3.0
1239,8,3.5
1239,233,3.0
1241,215,4.0
1241,12,4.0
1241,216,4.0
1241,234,4.0
1241,211,4.0
1241,214,3.5
1241,239,3.0
1241,219,3.5
1241,212,1.0
1241,254,3.0
1241,1,3.0
1241,4,1.5
1241,247,3.5
1242,11,4.0
1243,7,4.0
1243,235,3.0
1243,12,3.0
1243,1,3.5
1244,9,3.5
1244,254,3.0
1244,207,3.5
1244,278,4.0
1244,1955,0.5
1244,1019,2.5
1244,1357,0.5
1245,13,4.0
1246,7,4.0
1246,235,3.5
1246,205,3.5
1246,244,1.5
1246,10,3.0
1246,252,0.5
1246,207,4.0
1246,8,3.5
1246,233,3.0
1248,215,4.0
1248,236,4.0
1248,252,1.5
1249,215,4.0
1249,7,4.0
1249,206,4.0
1249,220,4.0
1249,2,4.0
1249,219,3.0
1249,207,3.0
1249,585,3.5
1249,243,3.0
1249,170,0.5
1249,1959,0.5
1249,1960,0.5
1249,395,0.5
1249,25,0.5
1249,40,0.5
1249,128,0.5
1249,464,0.5
1249,1571,0.5
1249,1967,0.5
1249,125,0.5
1250,213,3.5
1250,5,2.5
1250,216,4.0
1250,211,4.0
1251,17,3.5
1251,84,3.5
1252,215,4.0
1252,216,4.0
1252,211,4.0
1252,217,4.0
1252,3,3.5
1252,13,4.0
1252,1,3.5
1252,252,2.0
1252,257,3.0
1252,253,3.0
1252,84,3.0
1254,7,4.0
1254,2,4.0
1254,255,2.5
1254,234,4.0
1254,205,3.5
1254,239,3.0
1254,3,2.5
1254,254,1.0
1254,11,4.0
1254,207,3.0
1254,256,4.0
1255,235,3.5
1255,234,4.0
1255,219,3.0
1255,425,3.0
1255,968,4.0
1257,241,3.5
1257,7,4.0
1257,234,4.0
1257,13,4.0
1257,8,3.0
1257,210,3.5
1257,253,4.0
1257,243,3.0
1258,215,4.0
1258,213,3.0
1258,205,3.0
1258,3,3.5
1258,212,2.5
1258,13,4.0
1258,1,3.5
1258,1481,3.5
1259,235,3.0
1259,257,3.0
1261,5,2.5
1261,12,4.0
1261,121,3.0
1261,234,4.0
1261,205,3.5
1261,214,2.0
1261,13,4.0
1261,252,4.0
1261,257,3.5
1262,215,4.0
1262,213,4.0
1262,2,4.0
1262,13,4.0
1263,251,1.5
1263,206,2.0
1263,235,3.5
1263,214,3.5
1263,245,2.5
1263,212,1.0
1263,254,2.5
1263,244,3.0
1263,246,3.5
1265,11,4.0
1267,215,4.0
1267,5,4.0
1267,17,3.0
1267,205,3.0
1267,214,4.0
1267,13,4.0
1268,7,4.0
1268,17,3.0
1269,241,3.5
1269,236,4.0
1269,1971,0.5
1270,2,4.0
1270,11,4.0
1271,255,4.0
1271,217,4.0
1271,219,3.0
1271,233,3.5
1271,246,3.5
1272,215,4.0
1272,7,4.0
1272,2,4.0
1272,236,4.0
1272,207,3.0
1273,213,4.0
1273,5,3.0
1273,205,3.0
1274,215,4.0
1274,251,1.5
1274,213,2.5
1274,220,4.0
1274,235,3.5
1274,236,4.0
1274,121,2.0
1274,216,4.0
1274,234,4.0
1274,211,4.0
1274,219,3.0
1274,10,4.0
1274,13,4.0
1274,210,3.0
1274,249,4.0
1277,2,4.0
1277,236,3.5
1278,10,4.0
1278,13,4.0
1278,745,3.0
1279,5,2.5
1279,7,4.0
1279,206,3.5
1279,234,4.0
1279,245,3.5
1279,257,3.0
1279,8,3.5
1279,249,4.0
1279,243,3.0
1280,206,4.0
1280,249,3.5
1281,12,3.0
1281,84,3.0
1282,7,4.0
1282,255,4.0
1283,251,1.5
1283,213,3.5
1283,121,2.0
1283,216,4.0
1283,205,3.5
1283,244,3.5
1283,1,4.0
1283,253,3.0
1283,84,1.5
1283,247,3.0
1284,5,3.0
1284,17,3.5
1284,236,4.0
1284,12,3.0
1284,234,4.0
1284,254,3.0
1284,11,4.0
1285,215,4.0
1286,2,4.0
1286,121,2.0
1286,216,4.0
1286,211,4.0
1286,212,3.5
1286,13,4.0
1286,1,3.0
1286,233,3.0
1287,213,2.5
1287,5,3.5
1287,9,4.0
1287,11,4.0
1288,215,4.0
1288,250,4.0
1288,6,2.5
1288,253,3.5
1288,597,2.5
1288,431,3.5
1288,1801,0.5
1288,1203,4.0
1289,215,4.0
1289,241,3.5
1289,235,3.5
1289,234,4.0
1289,10,4.0
1289,253,3.5
1289,243,3.0
1289,267,0.5
1290,236,3.5
1290,11,4.0
1291,216,4.0
1291,234,4.0
1291,3,3.0
1292,250,4.0
1292,241,3.5
1292,220,2.0
1292,12,4.0
1292,121,2.0
1292,211,4.0
1292,254,4.0
1292,11,4.0
1292,6,2.5
1292,210,3.0
1292,84,3.5
1292,256,3.5
1292,243,3.0
1293,251,3.0
1293,12,3.0
1293,245,1.5
1293,11,4.0
1294,253,3.5
1295,250,4.0
1295,121,2.5
1295,216,4.0
1295,214,3.5
1295,254,2.5
1295,13,4.0
1295,210,3.5
1295,246,3.5
1295,256,1.0
1296,215,4.0
1296,7,4.0
1296,255,3.5
1296,219,3.5
1296,8,4.0
1297,211,4.0
1297,239,3.0
1297,1590,4.0
1297,1978,0.5
1299,17,4.0
1299,13,4.0
1299,406,3.0
1299,545,4.0
1299,1513,2.5
1299,1362,3.5
1300,215,4.0
1300,5,3.5
1300,9,2.5
1300,216,4.0
1300,205,3.0
1300,245,3.5
1300,239,4.0
1300,11,4.0
1300,247,3.5
1301,246,3.5
1301,256,4.0
1302,215,4.0
1302,241,3.0
1302,5,3.0
1302,7,4.0
1302,12,3.0
1302,234,4.0
1302,217,4.0
1302,205,3.0
1302,219,3.5
1302,10,4.0
1302,13,4.0
1302,1,3.0
1302,4,3.5
1302,8,3.5
1302,253,3.0
1304,215,4.0
1304,7,4.0
1304,206,3.0
1304,12,4.0
1304,121,3.0
1304,3,3.0
1304,1,3.0
1304,6,2.5
1305,4,4.0
1305,793,4.0
1307,206,4.0
1307,12,3.0
1307,9,3.0
1307,257,3.0
1307,207,4.0
1307,1982,0.5
1308,250,4.0
1308,7,4.0
1308,255,4.0
1308,217,4.0
1308,205,4.0
1308,214,3.5
1308,3,3.0
1310,206,3.0
1310,235,3.0
1310,1,3.0
1310,207,3.5
1311,7,4.0
1311,219,4.0
1311,11,4.0
1311,1,3.0
1312,207,3.5
1315,215,4.0
1315,10,3.0
1316,254,1.0
1317,220,4.0
1317,13,4.0
1317,1,3.0
1318,216,4.0
1318,234,4.0
1318,217,4.0
1318,205,2.5
1318,214,3.5
1318,239,3.0
1318,219,4.0
1318,11,4.0
1318,248,3.5
1319,7,4.0
1319,207,3.0
1321,4,4.0
1324,250,4.0
1324,216,4.0
1325,12,3.0
1325,255,3.0
1325,239,3.5
1325,11,4.0
1325,207,3.0
1325,549,4.0
1326,9,3.5
1327,17,3.0
1327,3,3.0
1328,213,3.0
1328,7,4.0
1328,313,4.0
1328,1340,4.0
1329,17,4.0
1329,10,4.0
1329,207,4.0
1329,253,4.0
1330,1556,4.0
1332,251,3.0
1332,252,1.5
1333,241,3.5
1333,211,4.0
1333,217,4.0
1333,205,4.0
1333,4,1.5
1333,905,2.0
1333,563,0.5
1333,1198,4.0
1333,1945,0.5
1333,1054,2.5
1333,1057,2.5
1333,1987,0.5
1333,1732,2.5
1333,1992,0.5
1333,1995,0.5
1333,493,3.0
1333,1998,0.5
1333,1999,0.5
1333,2003,0.5
1333,358,4.0
1333,928,3.5
1333,1649,3.0
1334,7,4.0
1334,257,3.0
1335,241,3.5
1335,5,2.5
1335,2,4.0
1335,12,3.0
1335,214,3.5
1335,254,1.0
1335,11,4.0
1335,4,3.5
1336,11,4.0
1336,958,1.5
1336,1481,4.0
1336,332,1.5
1336,1766,3.5
1336,2026,0.5
1336,2029,0.5
1336,2030,0.5
1336,2031,0.5
1338,251,1.5
1338,217,3.0
1338,214,2.0
1338,8,3.0
1338,246,2.5
1338,84,3.0
1338,249,4.0
1340,236,4.0
1341,239,3.5
1341,10,4.0
1342,251,3.5
1342,7,4.0
1342,206,4.0
1342,17,3.5
1342,2,4.0
1342,12,3.0
1342,255,4.0
1342,217,4.0
1342,1,3.0
1342,233,3.5
1342,659,3.5
1343,251,1.5
1343,2,4.0
1343,239,0.5
1343,11,4.0
1343,4,4.0
1343,253,3.0
1344,477,4.0
1344,258,4.0
1345,219,3.5
1345,1,3.5
1345,6,2.5
1346,12,3.0
1347,5,3.0
1347,17,3.5
1347,236,4.0
1347,216,3.5
1347,239,3.0
1347,207,3.0
1348,215,4.0
1348,17,4.0
1348,8,3.5
1349,215,4.0
1349,13,4.0
1350,245,3.5
1350,13,4.0
1350,253,3.0
1350,84,3.0
1351,8,4.0
1352,206,4.0
1352,220,4.0
1352,12,4.0
1352,9,3.5
1352,11,4.0
1352,257,3.0
1352,84,4.0
1352,249,4.0
1352,256,4.0
1353,2,4.0
1354,3,4.0
1354,13,4.0
1354,1,4.0
1355,17,3.0
1355,12,3.5
1355,239,3.0
1355,254,2.5
1355,207,3.0
1355,593,2.0
1356,215,4.0
1356,10,3.0
1356,13,4.0
1357,397,3.5
1357,709,1.5
1357,716,3.0
1357,522,4.0
1359,207,3.0
1359,8,3.0
1359,434,3.5
1359,2032,0.5
1360,477,3.0
1361,250,4.0
1361,251,1.5
1361,206,4.0
1361,236,4.0
1361,12,3.5
1361,219,3.5
1361,257,2.5
1361,246,2.5
1361,512,4.0
1362,215,4.0
1362,236,4.0
1363,250,4.0
1363,251,1.5
1363,213,3.5
1363,241,3.0
1363,5,3.0
1363,206,4.0
1363,216,3.5
1363,254,2.5
1363,13,4.0
1363,210,3.5
1363,243,3.0
1364,3,3.0
1366,2,4.0
1366,9,3.5
1366,217,4.0
1366,219,4.0
1366,257,3.5
1366,253,3.0
1367,12,3.0
1367,9,4.0
1367,121,3.0
1367,216,4.0
1367,255,3.5
1367,219,3.5
1367,13,4.0
1367,6,2.0
1368,1,3.0
1369,7,4.0
1369,239,3.0
1370,241,3.5
1370,12,3.0
1370,216,3.5
1370,219,3.0
1370,10,4.0
1370,13,4.0
1370,257,3.0
1370,8,3.0
1370,233,3.5
1370,6,2.5
1370,248,3.5
1370,243,3.0
1372,17,4.0
1372,211,4.0
1372,1,3.0
1373,13,4.0
1374,7,4.0
1375,220,4.0
1375,236,4.0
1375,9,4.0
1375,121,3.0
1375,211,4.0
1375,214,3.5
1375,245,2.5
1375,239,3.0
1375,3,3.0
1375,252,1.5
1375,207,3.0
1375,253,3.0
1375,247,3.0
1378,215,4.0
1378,7,4.0
1378,2,4.0
1378,9,4.0
1378,205,4.0
1378,219,3.0
1378,4,4.0
1378,8,4.0
1379,234,3.0
1382,7,3.5
1382,234,4.0
1382,219,3.5
1382,252,0.5
1382,257,3.0
1382,247,2.5
1382,922,0.5
1383,17,3.0
1383,11,4.0
1383,13,4.0
1383,343,4.0
1385,215,4.0
1385,235,3.5
1385,255,2.5
1385,205,3.5
1385,212,1.0
1385,10,4.0
1385,13,4.0
1385,249,4.0
1385,247,3.5
1386,17,3.0
1386,236,4.0
1386,10,4.0
1386,4,3.0
1386,207,3.0
1386,696,3.5
1386,753,3.5
1386,91,3.5
1386,31,4.0
1386,1862,0.5
1386,732,4.0
1386,73,4.0
1386,104,3.5
1386,828,0.5
1386,813,0.5
1386,838,3.0
1386,83,0.5
1387,2,4.0
1387,236,4.0
1387,3,3.5
1387,496,2.0
1388,251,1.5
1388,236,4.0
1388,216,4.0
1388,11,4.0
1388,244,1.5
1388,207,4.0
1388,210,3.0
1390,257,3.0
1390,4,4.0
1390,233,3.5
1392,12,3.0
1393,213,4.0
1393,5,3.0
1393,220,4.0
1393,2,4.0
1393,236,4.0
1393,216,4.0
1393,254,1.0
1393,252,3.0
1393,233,4.0
1393,246,3.5
1393,249,4.0
1393,243,3.0
1394,17,4.0
1394,270,3.5
1396,250,4.0
1396,213,4.0
1396,2,4.0
1396,216,4.0
1396,234,4.0
1396,257,3.5
1396,242,3.5
1396,84,4.0
1398,246,3.5
1398,218,4.0
1398,585,3.5
1398,478,3.5
1398,318,4.0
1398,512,4.0
1398,432,4.0
1398,716,2.5
1398,509,3.5
1398,490,2.0
1398,522,1.0
1398,274,2.0
1398,948,4.0
1398,770,4.0
1398,564,4.0
1398,2042,0.5
1399,12,3.5
1399,9,3.0
1399,216,3.5
1399,207,3.5
1399,246,2.5
1401,215,4.0
1402,2,4.0
1402,926,2.0
1402,554,2.5
1402,779,3.0
1402,2044,0.5
1404,11,4.0
1405,205,3.5
1406,7,4.0
1406,235,3.0
1406,477,4.0
1406,447,3.0
1406,333,0.5
1406,1118,4.0
1406,327,0.5
1406,328,0.5
1406,557,3.0
1406,1082,3.5
1407,1527,0.5
1407,1533,0.5
1409,5,4.0
1409,219,4.0
1409,10,3.0
1411,215,4.0
1412,5,4.0
1414,220,4.0
1414,235,4.0
1414,236,4.0
1414,12,3.0
1414,11,4.0
1414,13,4.0
1414,1,3.0
1414,4,2.0
1414,8,0.5
1414,256,3.5
1414,243,3.0
1415,5,4.0
1415,234,4.0
1415,2047,0.5
1416,241,3.0
1416,17,2.0
1416,216,4.0
1416,234,4.0
1416,3,3.0
1416,13,4.0
1416,1,3.0
1416,4,3.5
1416,1299,3.0
1417,206,3.0
1417,218,4.0
1417,607,4.0
1417,352,1.0
1417,432,4.0
1418,347,4.0
1418,1198,4.0
1418,1594,3.0
1418,268,4.0
1419,216,4.0
1420,251,1.5
1420,5,3.0
1420,11,4.0
1420,244,3.5
1420,13,4.0
1420,8,3.5
1420,247,3.5
1422,236,4.0
1423,235,3.5
1423,245,3.0
1423,212,1.0
1423,252,3.0
1423,4,3.0
1423,233,3.5
1424,246,3.5
1425,241,3.5
1425,12,4.0
1425,255,4.0
1425,3,3.0
1425,254,4.0
1425,244,3.5
1425,1,3.0
1425,210,2.5
1425,246,3.5
1425,256,4.0
1426,213,2.0
1426,17,3.5
1426,9,3.0
1426,10,4.0
1428,215,4.0
1428,213,3.0
1428,241,3.5
1428,9,2.5
1428,245,3.5
1428,239,0.5
1428,212,1.0
1428,254,3.0
1428,11,4.0
1428,252,3.0
1428,257,3.5
1428,84,3.5
1428,249,4.0
1429,213,4.0
1429,17,3.5
1429,9,4.0
1429,10,4.0
1429,13,4.0
1429,84,3.5
1430,215,4.0
1430,214,3.5
1430,254,2.5
1430,4,3.0
1430,233,3.5
1430,6,2.5
1431,213,3.0
1431,10,4.0
1432,2,4.0
1432,219,3.0
1432,13,4.0
1432,584,3.0
1432,490,3.0
1433,7,4.0
1434,2,4.0
1434,121,3.5
1435,9,4.0
1435,4,4.0
1435,391,1.5
1435,157,3.0
1437,347,3.5
1437,847,4.0
1437,1876,3.0
1437,528,1.5
1437,842,4.0
1437,1123,4.0
1437,291,3.0
1438,206,3.0
1438,2,4.0
1438,205,3.5
1438,214,3.0
1438,245,1.5
1438,3,3.0
1438,13,4.0
1438,1,3.0
1438,257,3.0
1438,8,3.5
1438,6,2.5
1438,210,4.0
1438,246,3.5
1438,84,3.0
1439,236,4.0
1439,9,3.5
1439,234,4.0
1439,84,3.0
1440,5,3.5
1440,17,3.0
1440,216,4.0
1440,3,3.0
1440,1,3.0
1440,253,3.0
1442,17,4.0
1443,206,4.0
1443,9,4.0
1443,207,4.0
1443,293,4.0
1444,215,4.0
1444,7,3.0
1444,12,4.0
1444,245,2.5
1444,249,2.0
1445,257,3.0
1446,215,4.0
1446,220,4.0
1446,216,3.5
1446,207,3.5
1448,250,4.0
1448,7,4.0
1448,206,4.0
1448,216,4.0
1448,217,3.0
1448,245,3.5
1448,239,3.0
1448,13,4.0
1448,257,3.0
1448,248,3.5
1450,9,3.0
1450,211,4.0
1450,10,3.0
1451,5,3.0
1451,17,3.5
1451,121,3.0
1451,211,4.0
1451,239,3.0
1451,10,4.0
1451,249,4.0
1451,247,3.0
1451,2051,0.5
1452,7,4.0
1452,17,4.0
1452,219,4.0
1452,207,4.0
1452,1036,4.0
1452,2053,0.5
1453,250,4.0
1453,213,2.5
1453,235,3.5
1453,12,4.0
1453,9,3.0
1453,211,4.0
1453,217,4.0
1453,205,2.5
1453,219,4.0
1453,207,3.5
1453,248,3.5
1454,7,3.0
1454,12,4.0
1454,214,0.5
1454,245,1.0
1454,13,4.0
1454,8,3.5
1454,210,3.5
1454,248,3.5
1454,249,4.0
1454,243,3.0
1454,247,3.5
1455,207,3.0
1457,250,4.0
1457,251,1.5
1457,213,4.0
1457,241,3.0
1457,206,4.0
1457,2,4.0
1457,12,3.0
1457,234,4.0
1457,205,3.5
1457,212,1.0
1457,11,4.0
1457,243,3.0
1457,247,4.0
1458,17,4.0
1458,12,4.0
1458,245,4.0
1458,244,4.0
1458,257,3.0
1458,6,4.0
1458,247,4.0
1459,215,4.0
1459,10,3.0
1459,658,4.0
1459,1655,2.5
1459,273,2.0
1460,215,4.0
1460,7,3.5
1460,2,4.0
1460,217,4.0
1460,205,3.5
1460,214,3.0
1460,239,3.0
1460,244,3.5
1460,13,4.0
1460,257,3.0
1460,8,3.5
1460,246,3.5
1460,243,3.0
1461,220,4.0
1461,2,4.0
1461,235,3.5
1461,219,3.0
1461,1,3.0
1461,233,3.5
1461,246,3.5
1461,256,3.5
1461,243,3.0
1462,2,4.0
1462,235,4.0
1462,12,3.0
1462,216,4.0
1462,217,3.5
1462,205,3.0
1462,245,2.5
1462,1,3.0
1462,252,3.0
1462,233,3.5
1462,253,3.0
1462,84,3.0
1462,248,3.5
1463,11,4.0
1464,241,3.5
1464,2,4.0
1464,12,4.0
1464,211,3.5
1464,3,3.0
1464,219,3.5
1464,13,4.0
1464,207,3.0
1464,247,3.5
1465,216,4.0
1465,249,4.0
1466,17,4.0
1466,211,4.0
1466,205,3.0
1466,207,3.5
1467,215,4.0
1467,7,4.0
1467,206,4.0
1467,220,4.0
1467,211,4.0
1467,11,4.0
1467,244,3.0
1467,207,3.0
1467,243,3.0
1468,241,3.5
1468,236,4.0
1468,675,3.0
1468,940,3.5
1468,585,3.5
1468,550,3.5
1468,1294,3.5
1468,398,3.0
1469,239,0.5
1469,252,3.0
1470,215,4.0
1470,250,4.0
1470,206,2.0
1470,12,4.0
1470,216,4.0
1470,244,2.0
1470,10,4.0
1470,257,3.0
1470,8,3.5
1470,253,3.0
1471,236,4.0
1471,211,4.0
1471,219,4.0
1471,8,3.5
1472,215,4.0
1474,215,4.0
1474,241,3.5
1474,236,4.0
1474,12,3.0
1474,255,4.0
1474,234,4.0
1474,214,3.5
1474,3,3.0
1474,1,3.0
1474,257,3.5
1474,210,3.0
1474,253,1.5
1474,84,3.5
1474,256,3.5
1475,241,3.5
1475,5,3.0
1475,235,3.5
1475,121,2.0
1475,255,4.0
1475,245,3.5
1475,219,2.5
1475,212,4.0
1475,11,4.0
1475,244,3.0
1475,210,3.5
1475,84,3.5
1475,248,3.5
1476,7,4.0
1476,236,4.0
1476,121,2.0
1476,216,4.0
1476,255,2.5
1476,234,4.0
1476,4,4.0
1476,6,3.5
1476,210,3.5
1476,256,4.0
1477,11,4.0
1478,250,4.0
1478,251,1.5
1478,206,3.0
1478,220,4.0
1478,236,4.0
1478,12,4.0
1478,239,3.0
1478,219,3.0
1478,248,3.5
1478,256,3.5
1478,243,3.0
1478,588,3.0
1478,1497,3.0
1480,215,4.0
1480,12,4.0
1480,239,3.0
1480,219,3.0
1480,11,4.0
1480,244,2.5
1480,1,3.0
1481,452,2.5
1481,2062,0.5
1482,215,4.0
1482,213,3.0
1483,213,3.5
1483,7,3.5
1483,206,4.0
1483,220,4.0
1483,253,3.0
1483,248,3.5
1485,9,4.0
1485,4,3.5
1485,2065,0.5
1486,215,4.0
1486,251,1.5
1486,234,4.0
1486,3,3.0
1486,244,3.5
1486,1,4.0
1486,252,4.0
1486,4,4.0
1486,8,3.5
1486,84,1.5
1486,248,3.5
1486,256,4.0
1486,243,3.0
1487,207,3.0
1488,7,4.0
1488,363,4.0
1489,215,4.0
1489,7,4.0
1489,2,4.0
1489,239,4.0
1489,252,1.5
1489,210,3.5
1490,1340,4.0
1491,215,4.0
1491,2,4.0
1491,11,4.0
1491,257,3.5
1491,623,3.0
1491,183,1.0
1491,1953,4.0
1491,1657,0.5
1491,1658,0.5
1492,211,4.0
1493,1,3.0
1493,297,3.5
1493,1980,2.5
1493,1729,4.0
1494,3,4.0
1495,293,4.0
1495,268,3.0
1496,219,4.0
1496,764,3.0
1496,389,2.5
1496,1936,0.5
1496,1937,3.5
1496,1938,0.5
1496,1832,2.0
1496,1945,0.5
1496,1946,0.5
1496,1033,4.0
1497,242,3.5
1498,213,3.5
1498,5,3.5
1498,235,3.5
1498,9,2.5
1498,121,2.0
1498,10,3.0
1498,257,3.0
1498,8,2.0
1498,246,2.5
1498,84,3.5
1498,243,3.0
1499,251,1.5
1499,213,4.0
1499,241,3.5
1499,17,3.0
1499,236,4.0
1499,9,4.0
1499,121,2.5
1499,216,4.0
1499,214,3.5
1499,245,3.5
1499,3,3.0
1499,207,2.5
1499,233,3.0
1499,249,4.0
1499,256,4.0
1500,7,3.5
1500,12,3.0
1500,13,4.0
1501,251,1.5
1501,236,4.0
1501,255,2.5
1501,245,2.5
1501,254,1.0
1501,244,3.0
1501,10,4.0
1501,257,3.5
1501,233,3.5
1501,248,3.5
1502,213,4.0
1502,220,2.0
1502,255,2.5
1502,217,4.0
1502,239,3.0
1502,3,3.5
1502,212,1.0
1502,10,4.0
1502,233,3.0
1502,256,3.0
1503,7,4.0
1504,250,4.0
1504,220,3.5
1504,217,4.0
1504,239,3.0
1504,10,4.0
1504,253,3.0
1504,100,3.5
1505,215,4.0
1505,7,4.0
1505,2,4.0
1505,234,4.0
1505,219,4.0
1505,11,4.0
1505,207,3.0
1505,887,4.0
1506,235,3.0
1507,2,4.0
1508,250,4.0
1508,5,3.0
1508,236,4.0
1508,219,3.0
1508,253,1.5
1508,486,4.0
1508,806,4.0
1508,693,3.5
1508,751,0.5
1508,669,4.0
1,3,3.0
1,10,4.0
1,8,2.5
3,17,4.0
3,6,3.5
3,15,1.5
3,26,3.5
3,31,3.0
3,73,4.0
3,144,4.0
3,179,0.5
3,146,4.0
3,40,0.5
3,67,0.5
3,157,0.5
3,191,0.5
3,56,0.5
3,120,0.5
3,122,0.5
3,100,2.0
3,22,0.5
3,43,4.0
3,54,0.5
3,58,0.5
3,63,3.0
3,76,0.5
3,77,0.5
3,86,0.5
3,89,0.5
3,94,0.5
3,105,0.5
3,107,0.5
3,111,0.5
3,114,0.5
3,118,0.5
3,126,4.0
3,133,0.5
3,135,2.0
3,163,2.5
3,165,0.5
3,176,0.5
3,181,3.0
4,17,4.0
6,210,3.0
7,214,0.5
7,10,4.0
7,13,4.0
10,213,4.0
11,1,4.0
12,220,4.0
12,11,4.0
12,207,4.0
13,224,0.5
13,225,0.5
14,234,4.0
15,2,4.0
16,2,4.0
16,11,4.0
16,1,3.0
16,207,3.0
18,9,4.0
21,213,4.0
21,2,4.0
21,121,2.0
21,234,4.0
21,211,4.0
21,205,4.0
21,10,4.0
21,252,0.5
21,247,3.0
22,17,4.0
23,213,2.5
23,8,4.0
25,2,4.0
25,12,4.0
25,217,4.0
25,11,4.0
25,84,3.0
25,248,3.5
25,249,3.0
26,214,3.0
26,11,4.0
27,215,4.0
27,255,2.5
27,3,3.0
27,1,3.0
28,215,4.0
28,7,4.0
28,255,4.0
28,214,3.0
28,3,4.0
28,212,2.5
29,294,3.5
29,270,4.0
29,273,2.0
29,59,4.0
29,292,4.0
29,277,0.5
30,250,4.0
30,251,1.5
30,2,4.0
30,236,4.0
30,9,3.5
30,245,2.5
30,10,4.0
30,248,3.5
30,249,4.0
31,216,3.5
32,13,4.0
33,235,3.5
33,207,3.0
34,17,3.0
34,12,4.0
34,205,3.0
34,219,4.0
34,10,4.0
36,213,4.0
36,241,4.0
36,5,3.0
36,216,4.0
36,4,4.0
36,207,4.0
36,8,4.0
37,215,4.0
37,250,4.0
37,251,1.5
37,5,3.0
37,17,4.0
37,9,4.0
37,234,4.0
37,211,4.0
37,4,4.0
37,8,3.5
37,210,3.5
37,253,3.5
37,84,3.5
37,243,3.0
38,5,3.0
38,220,4.0
38,235,0.5
38,121,1.5
38,245,3.5
38,239,3.0
38,3,4.0
38,11,4.0
38,4,2.0
38,210,2.5
38,84,3.5
38,243,3.0
39,241,3.0
39,5,3.0
39,7,4.0
39,17,3.5
42,212,4.0
43,215,4.0
43,11,4.0
43,10,3.0
43,13,4.0
43,1,3.0
44,4,4.0
44,207,3.0
45,215,4.0
45,11,4.0
46,5,3.0
47,313,4.0
48,11,4.0
50,250,3.0
50,251,1.5
50,213,4.0
50,206,4.0
50,17,4.0
50,236,4.0
50,9,4.0
50,3,3.5
50,84,4.0
51,235,3.0
51,325,4.0
51,323,0.5
51,319,4.0
51,315,3.5
51,334,0.5
52,213,3.0
52,11,4.0
53,235,3.5
53,12,3.0
53,234,4.0
53,214,4.0
53,219,4.0
53,10,4.0
53,1,3.0
53,4,4.0
53,207,4.0
53,210,3.0
55,216,4.0
55,245,3.5
55,3,3.5
55,212,1.0
55,10,4.0
55,253,4.0
55,249,4.0
56,236,4.0
56,255,3.0
56,8,3.5
61,7,4.0
61,12,3.5
61,214,2.0
63,218,4.0
63,299,3.5
63,346,0.5
64,235,3.5
64,211,4.0
64,217,4.0
64,10,4.0
64,1,3.5
64,4,4.0
64,246,2.5
64,249,4.0
64,256,4.0
65,207,3.0
66,1,4.0
66,210,3.0
67,234,4.0
68,236,4.0
68,121,4.0
68,255,4.0
68,3,4.0
68,219,4.0
68,13,4.0
68,233,4.0
68,243,4.0
69,2,4.0
69,235,3.0
69,236,4.0
70,236,4.0
70,13,4.0
71,3,3.5
71,1,3.0
71,4,4.0
72,251,4.0
72,213,2.5
72,17,3.5
72,2,4.0
72,9,3.0
72,216,4.0
72,255,2.5
72,234,4.0
72,252,3.0
72,207,3.0
72,210,2.5
72,249,4.0
73,215,4.0
73,213,3.5
73,5,3.0
73,220,4.0
73,9,3.5
73,217,4.0
73,245,3.5
73,3,3.0
73,212,1.0
73,10,4.0
73,207,3.5
73,8,3.5
73,256,4.0
76,13,4.0
77,215,4.0
78,372,3.0
78,371,4.0
78,374,0.5
78,379,1.5
79,250,3.0
79,121,3.0
79,244,2.5
79,257,3.0
79,218,4.0
79,248,3.5
79,491,4.0
79,388,3.0
79,406,0.5
79,436,4.0
79,505,0.5
79,309,4.0
79,500,3.0
79,468,2.5
79,488,3.5
79,395,0.5
79,463,0.5
79,405,4.0
79,476,4.0
79,497,0.5
79,387,0.5
79,416,4.0
79,429,3.5
79,444,0.5
79,482,0.5
79,517,3.5
80,318,4.0
81,13,4.0
81,489,1.0
81,435,4.0
81,538,3.0
81,528,4.0
81,534,3.5
81,530,4.0
81,379,1.5
81,527,4.0
81,535,0.5
81,544,3.5
82,2,4.0
82,239,3.0
82,11,4.0
82,207,3.0
82,551,3.0
83,250,4.0
83,206,4.0
83,121,2.0
83,217,4.0
83,8,3.0
83,84,3.0
84,213,3.5
84,2,4.0
84,235,3.0
84,12,3.5
84,9,4.0
85,215,4.0
85,213,4.0
85,211,4.0
85,245,4.0
85,4,4.0
86,215,4.0
86,239,4.0
86,11,4.0
86,252,3.5
86,257,3.5
86,6,4.0
86,249,4.0
86,256,4.0
87,12,4.0
87,239,3.0
87,1,3.0
87,207,3.0
88,7,4.0
88,236,4.0
88,207,3.0
89,1,3.0
90,213,3.5
91,220,4.0
91,8,4.0
91,560,2.0
91,557,0.5
92,215,4.0
92,205,3.0
92,4,1.5
92,207,3.0
92,253,3.0
93,3,3.0
93,11,4.0
94,5,4.0
95,220,4.0
95,235,3.5
95,121,2.0
95,205,3.5
95,245,3.5
95,10,4.0
95,256,4.0
95,577,2.5
96,250,4.0
96,241,3.5
96,2,4.0
96,255,4.0
96,234,4.0
96,211,4.0
96,219,4.0
96,254,1.0
96,1,3.0
96,207,3.0
96,233,3.5
96,84,3.0
96,256,4.0
97,250,4.0
97,5,3.0
97,2,3.5
97,121,2.0
97,212,2.5
97,254,3.0
97,11,4.0
97,84,3.5
98,236,4.0
98,294,4.0
98,583,4.0
98,592,0.5
98,336,4.0
98,91,3.5
98,584,0.5
98,588,4.0
99,12,3.0
99,10,4.0
105,7,4.0
105,211,4.0
106,2,4.0
107,220,4.0
107,2,4.0
107,235,3.5
107,236,4.0
107,9,3.0
107,254,3.0
107,10,4.0
107,210,3.0
107,84,3.0
108,10,3.0
109,600,4.0
109,601,0.5
109,603,0.5
110,7,4.0
110,236,4.0
110,4,3.5
111,251,1.0
111,241,3.0
111,17,4.0
111,2,4.0
111,235,3.5
111,236,4.0
111,205,3.5
111,245,2.5
111,13,4.0
111,8,3.5
111,256,3.5
111,247,3.0
112,214,3.0
112,244,3.5
112,218,4.0
112,247,3.5
112,338,3.0
114,215,4.0
114,251,1.5
114,7,3.0
114,235,3.5
114,236,4.0
114,9,2.5
114,219,3.5
114,13,4.0
114,233,3.0
115,250,4.0
115,241,3.5
115,7,4.0
115,206,4.0
115,255,1.5
115,11,4.0
115,233,3.0
116,234,4.0
116,3,3.5
116,610,3.0
116,299,4.0
117,236,4.0
117,219,3.0
117,13,4.0
117,207,3.0
119,11,4.0
120,251,3.0
120,17,3.0
121,215,4.0
121,250,4.0
121,206,3.5
121,12,4.0
121,216,4.0
121,255,4.0
121,211,4.0
121,245,3.5
121,239,3.0
121,219,3.5
121,212,1.0
121,13,4.0
121,252,3.0
121,4,4.0
121,246,3.5
121,249,4.0
121,247,3.5
122,121,2.5
122,10,3.5
123,250,4.0
124,215,4.0
124,7,4.0
124,206,3.0
124,17,3.5
124,216,4.0
124,205,3.0
124,214,2.0
124,3,3.0
124,212,1.0
124,252,2.0
124,257,3.5
124,6,2.5
125,251,3.5
125,235,3.5
125,236,4.0
125,219,4.0
125,10,4.0
125,1,3.0
126,12,3.0
126,245,3.5
126,4,4.0
126,207,3.0
126,8,3.5
126,548,3.0
127,215,4.0
127,612,0.5
128,213,2.5
128,5,3.0
128,206,3.5
128,220,4.0
128,255,2.5
128,211,4.0
128,254,3.0
128,11,4.0
128,10,4.0
128,233,3.5
128,616,3.0
128,599,4.0
129,215,4.0
129,7,3.5
129,245,3.5
129,3,3.0
129,11,4.0
129,91,1.0
130,215,4.0
130,235,3.5
130,216,3.5
130,234,4.0
131,215,4.0
131,251,3.0
133,5,3.5
133,619,0.5
135,7,4.0
135,17,3.5
136,207,4.0
136,103,4.0
136,623,3.0
136,633,3.0
136,636,4.0
136,610,3.0
136,648,3.5
136,651,0.5
136,642,0.5
137,220,4.0
137,121,2.0
137,216,4.0
137,11,4.0
137,10,4.0
137,257,3.0
137,6,2.5
137,253,3.0
138,9,2.5
138,234,4.0
138,211,4.0
138,217,3.5
138,244,3.0
138,257,3.5
138,8,3.0
138,248,3.5
139,244,3.0
139,8,3.5
139,6,2.5
139,248,3.5
139,247,3.5
140,11,4.0
141,10,4.0
142,236,4.0
142,12,3.0
142,207,4.0
144,2,4.0
144,236,4.0
144,12,3.0
144,207,4.0
144,148,3.5
146,236,4.0
146,239,3.0
146,13,4.0
146,1,3.5
146,252,3.0
146,257,3.5
146,6,2.5
146,210,2.5
146,246,3.5
146,249,4.0
146,256,4.0
147,213,4.0
147,5,3.0
147,220,4.0
147,219,3.0
147,1,3.5
147,252,4.0
147,257,3.5
147,6,2.5
147,210,3.0
147,84,3.5
147,249,4.0
148,206,4.0
148,2,4.0
148,236,4.0
150,2,4.0
150,236,3.5
150,121,2.5
150,239,3.5
150,210,2.5
150,282,3.0
151,7,4.0
151,220,4.0
151,236,4.0
151,211,4.0
151,3,3.0
151,11,4.0
151,1,3.5
151,8,4.0
152,7,4.0
152,235,0.5
152,236,4.0
153,468,3.5
154,12,3.5
154,668,3.5
154,669,4.0
155,213,4.0
155,206,4.0
155,236,4.0
155,9,3.5
155,254,4.0
155,11,4.0
155,244,3.0
155,10,4.0
155,210,3.0
155,247,3.0
156,250,4.0
156,214,3.5
156,245,2.5
156,244,1.5
156,1,3.0
156,207,3.5
156,253,3.0
159,7,4.0
159,17,3.0
159,216,3.5
159,8,3.5
160,213,4.0
160,10,4.0
161,250,4.0
161,675,4.0
161,763,3.5
161,278,4.0
161,347,3.5
161,723,2.0
161,706,4.0
161,512,4.0
161,593,2.0
161,365,3.5
161,453,1.0
161,307,4.0
161,755,2.0
161,474,3.5
161,620,4.0
161,419,3.5
161,705,4.0
161,744,0.5
161,756,0.5
161,732,4.0
161,528,0.5
161,722,0.5
161,20,2.5
161,762,2.5
161,678,3.5
161,423,1.0
161,685,0.5
161,490,4.0
161,383,2.0
161,743,0.5
161,742,0.5
161,81,2.0
161,729,3.5
161,751,0.5
161,697,0.5
161,708,0.5
161,714,4.0
161,737,0.5
161,766,0.5
161,767,0.5
163,213,3.0
163,17,3.0
163,236,4.0
163,239,3.0
163,3,3.0
163,254,3.0
163,11,4.0
164,2,4.0
164,397,4.0
164,780,2.0
164,445,2.5
164,782,0.5
164,784,4.0
165,7,4.0
165,10,4.0
165,805,3.5
165,664,4.0
165,792,0.5
165,797,4.0
165,801,3.5
165,803,0.5
166,249,4.0
167,215,4.0
167,206,2.0
167,121,2.0
167,216,4.0
167,245,3.5
167,239,4.0
167,212,3.5
167,254,3.0
167,1,3.0
167,253,3.0
168,215,4.0
168,9,3.5
168,121,3.0
168,216,4.0
168,234,4.0
168,211,4.0
168,217,4.0
168,3,3.0
168,254,3.0
168,11,4.0
168,1,3.0
168,248,3.5
168,256,4.0
168,291,4.0
169,215,4.0
169,241,3.5
169,7,4.0
169,211,4.0
169,3,4.0
169,10,3.0
169,257,3.0
171,235,3.5
171,12,4.0
171,9,3.5
171,121,2.5
171,255,4.0
171,214,3.5
171,3,3.0
171,1,4.0
171,8,4.0
171,84,3.5
171,249,4.0
171,256,4.0
172,215,4.0
172,245,4.0
172,239,4.0
172,3,4.0
172,254,4.0
172,11,4.0
172,1,4.0
172,8,4.0
172,248,4.0
173,2,4.0
173,10,4.0
174,7,4.0
174,236,4.0
174,234,4.0
174,205,3.5
174,239,3.0
174,3,3.0
174,212,1.0
174,1,3.0
174,4,3.0
174,233,2.5
174,246,2.5
174,249,2.0
175,215,4.0
175,17,3.5
175,236,4.0
176,215,4.0
176,241,3.0
176,5,2.5
176,7,3.5
176,220,4.0
176,2,4.0
176,235,3.5
176,12,3.5
176,121,2.0
176,3,4.0
176,212,3.0
176,207,3.0
176,6,2.5
176,247,3.0
177,10,4.0
177,806,4.0
178,17,4.0
178,235,3.5
178,12,4.0
178,121,2.0
178,11,4.0
178,1,3.0
178,8,3.0
178,246,2.5
178,253,3.0
178,248,3.5
178,247,3.5
179,211,4.0
179,219,4.0
180,5,4.0
181,10,4.0
182,255,3.5
183,251,1.5
183,5,3.0
183,121,2.0
183,3,3.0
183,252,3.0
183,6,2.5
183,248,3.5
185,12,4.0
185,10,4.0
185,1,3.0
185,207,3.0
185,243,3.0
187,250,4.0
187,220,4.0
187,2,4.0
187,3,4.0
187,219,3.0
187,84,3.0
188,17,4.0
188,236,4.0
188,207,3.0
188,339,2.5
188,717,4.0
188,278,4.0
188,723,2.0
188,655,4.0
188,606,4.0
188,510,1.0
188,810,3.0
188,148,4.0
188,716,2.0
188,412,3.5
188,746,3.5
188,732,4.0
188,73,4.0
188,92,0.5
188,20,1.5
188,817,0.5
188,825,0.5
188,742,0.5
188,827,0.5
188,826,4.0
188,812,3.0
188,832,2.5
189,215,4.0
189,250,4.0
189,10,4.0
190,2,4.0
190,212,2.5
190,13,4.0
190,233,3.5
191,17,3.0
191,207,3.5
191,8,3.0
192,512,4.0
192,432,4.0
193,251,1.5
193,17,4.0
193,216,4.0
193,255,4.0
193,205,3.5
193,8,3.5
193,210,3.5
195,2,4.0
195,11,4.0
196,241,3.0
196,2,4.0
196,257,3.0
197,213,3.5
197,5,3.0
197,7,4.0
197,206,3.5
197,121,2.5
197,216,4.0
197,239,3.0
197,212,1.0
197,4,4.0
197,233,3.0
197,249,4.0
197,256,3.5
197,247,2.5
197,304,0.5
198,2,4.0
198,235,3.5
198,12,4.0
198,9,3.5
198,216,4.0
198,11,4.0
198,253,3.0
199,339,2.5
199,878,0.5
199,293,4.0
199,879,0.5
199,242,3.5
199,882,1.0
199,880,4.0
199,719,4.0
199,713,0.5
199,597,1.0
199,521,3.5
199,91,1.0
199,436,3.0
199,734,0.5
199,877,3.0
199,750,0.5
199,452,0.5
199,595,0.5
199,441,2.0
199,697,0.5
199,849,0.5
199,851,0.5
199,854,0.5
199,858,0.5
199,859,3.5
199,889,0.5
199,899,3.5
200,251,1.0
200,241,4.0
200,9,4.0
200,255,4.0
200,217,4.0
200,245,3.5
200,10,4.0
200,248,3.5
200,604,3.0
200,434,4.0
201,250,4.0
201,241,3.5
201,7,4.0
201,236,4.0
201,217,4.0
201,3,3.5
201,212,1.0
201,4,4.0
201,207,3.0
201,903,0.5
201,405,4.0
201,902,0.5
202,215,4.0
202,250,4.0
202,11,4.0
202,6,2.5
202,246,3.5
202,84,3.0
204,220,4.0
204,2,4.0
204,245,4.0
204,212,4.0
204,244,4.0
204,252,4.0
204,257,3.5
204,4,4.0
204,8,4.0
204,247,4.0
205,250,4.0
205,234,4.0
205,11,4.0
205,1,3.0
205,257,3.5
205,8,2.0
205,256,4.0
206,251,1.5
206,213,4.0
206,5,3.0
206,220,4.0
206,245,3.5
206,212,1.0
206,4,3.5
206,247,3.5
207,12,3.0
208,5,2.5
208,2,4.0
208,235,4.0
208,12,4.0
208,3,3.0
208,212,2.5
208,4,3.5
208,913,4.0
209,255,2.5
209,217,4.0
209,3,3.0
209,11,4.0
209,10,4.0
209,1,3.5
209,6,2.5
209,84,1.5
210,207,3.0
212,215,4.0
212,5,4.0
212,2,4.0
212,205,3.0
212,1,3.5
214,7,4.0
214,17,3.0
214,236,4.0
214,211,4.0
214,11,4.0
214,10,3.0
215,215,4.0
215,250,4.0
215,241,3.5
215,5,3.0
215,236,4.0
215,12,4.0
215,245,1.0
215,219,3.0
215,1,3.0
215,8,3.0
216,17,3.0
216,11,4.0
216,13,4.0
217,241,4.0
217,7,4.0
218,7,3.0
218,206,3.5
218,121,3.0
218,219,3.5
218,11,4.0
218,252,3.0
218,246,3.5
218,253,2.5
219,330,3.0
220,241,3.0
220,1,3.0
222,207,3.0
223,206,4.0
223,220,4.0
223,17,3.0
223,234,4.0
223,205,3.5
223,13,3.5
223,207,3.5
223,210,3.5
224,250,4.0
224,2,4.0
224,12,4.0
224,9,4.0
224,217,4.0
224,245,3.5
224,3,3.0
225,250,4.0
225,236,4.0
225,12,4.0
225,121,3.0
225,255,2.5
225,219,3.5
225,254,3.0
225,84,3.5
225,248,3.5
225,249,4.0
225,243,3.0
226,7,4.0
227,241,3.5
227,236,4.0
227,205,4.0
227,239,3.0
227,219,4.0
227,10,4.0
227,253,3.0
228,241,3.5
228,7,3.5
231,5,3.0
231,918,4.0
231,144,4.0
231,917,4.0
231,920,0.5
232,7,4.0
232,206,4.0
234,11,4.0
235,250,4.0
235,251,1.5
235,5,2.5
235,220,4.0
235,12,4.0
235,214,3.5
235,239,3.0
235,3,3.0
235,13,3.5
235,257,3.0
235,4,2.0
235,248,3.5
235,256,3.5
237,243,4.0
238,9,3.5
238,11,4.0
238,13,4.0
238,922,0.5
239,7,3.5
239,9,4.0
239,11,4.0
239,6,3.0
240,12,3.0
240,207,4.0
241,253,4.0
242,11,4.0
243,17,3.0
243,205,2.5
243,214,3.5
243,10,3.0
243,4,3.5
243,246,3.5
243,932,4.0
243,923,2.0
243,435,3.5
243,577,3.0
243,663,4.0
243,924,0.5
244,12,3.5
244,11,4.0
244,1,4.0
245,234,4.0
245,245,3.5
245,210,3.0
245,256,4.0
247,279,3.5
248,220,4.0
248,205,3.5
248,3,4.0
248,11,4.0
249,215,4.0
249,250,4.0
249,220,4.0
249,236,4.0
249,9,4.0
249,4,1.5
249,247,3.5
250,250,4.0
250,251,1.5
250,241,3.5
250,219,4.0
250,244,3.5
250,4,1.5
250,246,3.5
250,249,4.0
250,247,3.0
251,5,3.5
251,7,4.0
251,205,3.0
251,239,4.0
251,219,3.0
255,213,2.5
255,236,4.0
255,205,3.0
256,1,3.0
257,7,4.0
259,251,1.5
259,7,4.0
259,219,4.0
260,5,3.5
260,211,4.0
260,239,3.5
261,7,4.0
261,17,3.5
261,234,4.0
261,245,3.5
261,3,3.0
261,219,3.0
262,213,4.0
262,235,3.5
262,11,4.0
263,213,2.5
263,205,3.5
263,214,3.5
263,239,3.0
263,3,3.0
263,252,2.5
264,11,4.0
265,215,4.0
265,213,4.0
265,5,2.5
265,17,3.5
265,9,3.5
265,121,2.0
265,3,3.0
266,17,4.0
267,7,4.0
269,2,4.0
269,11,4.0
269,376,2.5
270,215,4.0
270,241,3.5
270,7,4.0
270,206,4.0
270,235,3.5
270,236,4.0
270,12,3.5
270,216,3.5
270,217,3.5
270,245,2.5
270,3,3.0
270,10,4.0
270,8,3.0
270,243,4.0
271,251,1.5
271,9,2.5
271,217,4.0
271,205,3.5
271,214,3.5
271,11,4.0
271,13,4.0
271,252,3.0
271,6,2.5
271,246,3.5
272,2,4.0
272,236,4.0
272,12,3.0
272,214,2.5
272,11,4.0
272,210,3.0
272,691,1.5
272,391,1.5
272,70,3.0
272,897,2.5
272,242,3.5
272,397,3.5
272,347,4.0
272,638,4.0
272,657,3.5
272,480,3.0
272,589,4.0
272,318,2.0
272,958,1.5
272,698,0.5
272,715,0.5
272,747,0.5
272,26,4.0
272,709,1.5
272,419,3.5
272,59,3.5
272,716,0.5
272,718,3.5
272,1010,1.5
272,984,0.5
272,20,2.5
272,959,0.5
272,1011,4.0
272,52,3.5
272,295,3.0
272,314,3.5
272,516,4.0
272,720,0.5
272,754,3.5
272,766,0.5
272,942,0.5
272,945,1.5
272,957,3.5
272,960,0.5
272,970,3.5
272,971,0.5
272,972,0.5
272,979,0.5
272,982,0.5
272,991,0.5
272,993,0.5
272,997,0.5
272,1001,0.5
272,1003,1.0
272,1014,0.5
273,250,3.5
273,251,1.5
273,2,4.0
273,235,3.0
273,219,3.5
273,1,3.0
273,659,3.5
274,215,4.0
274,235,4.0
274,234,4.0
274,205,4.0
274,245,4.0
274,239,4.0
274,219,4.0
274,212,4.0
274,11,4.0
274,244,4.0
274,248,3.5
275,554,2.5
276,213,2.5
276,241,3.5
276,5,4.0
276,9,4.0
276,216,4.0
276,245,2.5
276,11,4.0
276,252,3.5
276,8,3.5
278,215,4.0
278,10,4.0
278,862,1.0
278,592,1.0
278,1022,0.5
279,206,4.0
279,12,4.0
279,217,4.0
279,11,4.0
279,13,4.0
279,210,3.0
279,243,3.0
280,251,1.5
280,236,4.0
280,12,4.0
280,211,4.0
280,245,1.0
280,239,3.0
280,212,1.0
280,207,3.0
281,215,4.0
281,250,4.0
281,5,3.0
281,245,2.5
281,212,2.5
281,10,4.0
281,4,3.5
281,233,3.5
281,248,3.5
281,243,3.0
282,5,3.5
283,11,4.0
284,805,4.0
284,1029,4.0
284,911,4.0
284,732,3.5
284,363,4.0
284,190,4.0
285,7,4.0
285,234,4.0
285,6,3.5
285,335,3.5
285,1039,4.0
286,241,3.0
286,5,3.5
286,1,3.0
286,8,3.5
287,17,4.0
288,121,3.5
289,2,4.0
289,121,3.5
289,257,3.0
290,206,3.0
291,250,4.0
291,251,1.5
291,213,2.5
291,12,4.0
291,217,3.5
291,205,3.5
291,1,3.0
291,233,3.5
291,210,3.5
292,251,4.0
292,235,0.5
292,236,4.0
292,121,2.0
292,3,3.0
292,8,3.5
292,243,3.0
293,17,3.5
293,235,3.5
293,10,4.0
293,13,4.0
294,250,4.0
294,251,1.5
294,7,3.5
294,217,4.0
294,13,4.0
294,252,0.5
294,8,0.5
294,210,3.0
294,256,1.0
294,243,3.0
295,241,3.0
295,220,4.0
295,2,4.0
295,216,4.0
295,234,4.0
295,10,4.0
295,257,3.0
295,253,3.0
295,249,4.0
296,2,4.0
296,216,3.5
296,234,4.0
296,219,3.0
296,252,3.5
296,207,2.5
296,210,3.5
298,257,3.0
299,5,3.0
299,214,2.0
299,245,2.5
299,239,3.0
299,11,4.0
299,13,4.0
299,207,2.5
299,253,3.5
299,256,3.5
300,638,4.0
300,1011,3.0
300,1068,4.0
300,793,1.5
300,1044,4.0
300,970,0.5
300,999,3.0
300,1056,3.5
300,1065,0.5
300,1066,0.5
300,1067,0.5
301,215,4.0
301,250,3.5
301,9,3.0
302,215,4.0
302,250,4.0
302,213,3.5
302,241,3.5
302,236,4.0
302,12,4.0
302,205,4.0
302,239,3.0
302,219,3.5
302,246,3.5
302,84,1.5
302,243,3.0
302,247,2.5
303,250,4.0
303,205,4.0
303,239,3.0
305,350,2.5
306,2,4.0
306,3,3.5
306,4,3.5
306,207,3.0
307,17,3.0
307,13,4.0
307,243,4.0
308,235,3.5
308,239,3.0
308,13,4.0
308,257,3.5
308,1116,3.5
308,278,4.0
308,247,3.5
308,1075,3.0
308,434,3.5
308,660,4.0
308,1034,3.0
308,1101,3.0
308,1074,2.5
308,1077,0.5
308,1091,4.0
308,1092,0.5
308,1095,1.5
308,1099,0.5
308,1103,0.5
308,1104,0.5
308,1110,0.5
308,1113,3.0
308,1117,0.5
309,250,4.0
309,220,2.0
309,205,4.0
310,241,3.0
310,116,1.0
310,38,3.5
310,688,1.5
311,17,3.0
312,250,4.0
312,251,1.0
312,7,4.0
312,220,4.0
312,255,4.0
312,212,1.0
312,1,3.0
312,257,3.0
312,4,3.5
312,8,3.5
312,1054,0.5
313,215,4.0
313,17,3.5
313,2,4.0
313,216,4.0
313,219,3.0
313,252,3.0
313,246,3.5
313,658,3.5
313,247,3.5
313,1130,0.5
314,7,4.0
314,11,4.0
315,13,4.0
315,496,2.0
316,215,4.0
316,250,4.0
316,251,1.0
316,216,4.0
316,211,4.0
316,217,4.0
316,214,2.5
316,245,3.5
316,3,3.0
316,219,4.0
316,246,0.5
316,248,3.5
316,1140,0.5
316,1143,0.5
316,1147,0.5
317,250,4.0
317,217,3.5
317,835,4.0
317,798,4.0
317,305,3.0
317,1162,0.5
317,1163,0.5
317,1165,4.0
318,216,4.0
319,251,1.5
319,206,4.0
319,255,2.5
319,234,4.0
319,244,1.5
319,10,4.0
319,1,3.0
319,8,3.0
319,6,2.5
319,248,3.5
320,250,3.0
320,213,2.5
320,7,4.0
320,17,4.0
320,2,4.0
320,9,3.5
320,205,3.0
320,219,3.0
320,1,3.0
320,210,3.5
320,1178,3.5
320,1176,3.5
321,220,4.0
321,205,4.0
322,239,3.0
322,244,4.0
322,8,4.0
323,17,3.0
323,2,4.0
323,245,3.0
323,1,3.5
323,866,3.5
323,723,2.0
323,592,0.5
323,256,3.5
323,706,2.5
323,769,3.5
323,712,3.5
323,733,3.5
323,760,3.0
323,510,1.0
323,432,3.5
323,676,2.5
323,31,3.0
323,275,3.0
323,1189,0.5
323,743,3.5
323,899,3.5
324,215,4.0
324,250,4.0
324,5,3.0
324,17,4.0
324,2,4.0
324,236,4.0
324,10,4.0
324,1,3.0
325,216,4.0
325,244,4.0
325,207,4.0
325,210,3.0
326,215,4.0
326,206,4.0
326,220,4.0
326,2,4.0
326,236,4.0
326,11,4.0
326,13,4.0
327,239,3.5
328,250,4.0
328,241,3.0
328,7,3.0
328,2,3.0
328,235,3.5
328,236,4.0
328,12,3.5
328,255,4.0
328,214,3.5
328,4,3.0
328,8,3.0
328,6,2.5
328,249,3.5
329,5,4.0
329,17,3.0
329,1,3.0
329,207,3.0
330,215,4.0
330,235,0.5
330,236,4.0
330,234,4.0
330,211,4.0
330,217,4.0
330,3,3.0
330,219,4.0
330,11,4.0
330,13,4.0
330,257,3.0
330,6,2.5
330,249,4.0
331,5,4.0
331,12,3.0
331,234,4.0
331,13,4.0
331,6,2.5
332,236,3.5
332,211,4.0
333,7,4.0
334,2,4.0
334,1,4.0
335,236,4.0
335,205,3.5
335,3,3.0
335,257,3.0
335,253,1.0
335,248,3.5
335,247,3.0
337,236,4.0
337,8,4.0
338,251,2.5
338,213,4.0
338,241,3.5
338,217,3.5
338,205,4.0
339,17,4.0
340,313,3.0
341,245,3.5
341,84,3.5
342,12,3.0
342,257,3.0
343,7,4.0
343,255,3.0
344,7,3.5
345,8,3.5
345,246,3.5
345,512,4.0
346,215,4.0
346,250,4.0
346,5,3.0
346,245,3.5
346,1,4.0
346,8,3.5
346,246,3.5
346,253,3.0
346,84,3.5
347,2,4.0
347,787,4.0
347,1123,4.0
347,96,4.0
347,330,0.5
347,729,4.0
347,21,0.5
347,74,0.5
347,79,0.5
347,133,0.5
347,446,4.0
347,498,3.0
348,215,4.0
348,236,4.0
348,121,2.0
348,255,2.5
348,211,4.0
348,3,3.0
348,11,4.0
349,241,3.5
349,7,4.0
349,235,3.5
349,255,4.0
349,234,4.0
349,212,1.0
349,207,3.0
349,243,3.0
350,5,3.0
350,17,3.5
350,216,4.0
350,211,4.0
350,205,4.0
350,245,2.5
350,10,4.0
350,1,3.0
350,4,4.0
350,6,3.5
350,84,3.5
351,257,3.0
352,251,1.5
352,241,3.0
352,236,4.0
353,213,3.5
353,206,2.0
353,205,3.5
353,212,2.5
353,4,4.0
353,207,3.0
353,8,3.5
353,253,3.0
354,13,4.0
354,4,4.0
355,251,1.0
355,255,4.0
355,234,4.0
355,675,4.0
355,278,4.0
355,352,1.0
355,256,4.0
355,432,4.0
355,1198,2.5
355,431,3.5
355,620,0.5
355,427,0.5
355,705,4.0
355,488,3.5
355,452,3.0
355,490,4.0
355,386,0.5
355,428,2.5
355,445,2.5
355,515,0.5
356,234,4.0
356,212,1.0
356,11,4.0
356,10,4.0
356,257,3.5
356,210,3.5
356,246,3.5
358,11,4.0
359,12,3.0
359,1,3.0
359,6,2.5
360,3,3.0
361,219,4.0
361,11,4.0
361,218,4.0
361,253,4.0
361,806,0.5
361,141,4.0
361,664,4.0
361,800,1.5
361,1003,1.0
361,1205,0.5
362,250,3.5
362,5,3.0
362,12,4.0
362,3,3.0
362,11,4.0
362,13,4.0
362,8,3.0
362,243,3.0
363,215,4.0
363,213,4.0
363,239,3.0
364,2,4.0
364,235,3.0
364,207,3.0
364,391,3.5
365,251,1.5
365,5,3.0
365,206,4.0
365,17,3.5
365,235,3.5
365,9,3.5
365,217,4.0
365,239,3.0
365,13,4.0
365,257,3.0
365,207,3.5
365,246,3.5
366,215,4.0
367,17,3.5
367,236,4.0
367,205,2.5
367,239,3.0
367,10,4.0
367,252,0.5
367,4,3.5
367,233,3.0
367,253,2.5
368,213,2.5
368,206,2.0
368,235,3.0
368,236,4.0
370,215,4.0
370,235,3.5
370,13,4.0
370,8,4.0
370,253,2.5
371,7,4.0
373,254,3.0
374,251,1.5
374,241,3.5
374,17,3.5
374,236,4.0
374,12,4.0
374,121,3.0
374,239,3.0
374,219,3.0
374,254,2.5
374,207,3.5
374,6,2.5
374,253,3.0
374,243,3.0
375,5,3.5
375,17,4.0
375,335,3.5
375,522,4.0
376,2,4.0
378,212,1.0
378,11,4.0
378,4,3.5
378,246,3.0
378,218,4.0
379,255,4.0
379,13,4.0
380,235,3.0
380,236,4.0
380,216,3.5
380,1,3.0
380,207,3.0
381,250,4.0
381,216,4.0
381,205,4.0
381,245,3.5
381,239,3.0
381,219,3.0
381,254,3.0
381,13,4.0
381,253,2.5
381,84,3.5
382,12,3.0
382,219,3.0
382,233,4.0
383,1,3.0
384,212,3.5
384,207,2.0
384,247,3.0
385,251,1.5
385,241,3.5
385,255,4.0
385,1,3.0
386,206,4.0
386,236,4.0
386,12,3.0
386,216,4.0
386,255,4.0
386,239,3.0
386,244,3.0
386,4,4.0
386,207,4.0
386,249,3.0
387,451,4.0
387,1219,3.5
387,1216,0.5
388,213,3.0
388,1,3.0
388,233,3.0
389,5,3.0
389,235,3.5
389,12,4.0
389,211,4.0
389,205,3.5
389,214,3.5
389,244,2.0
389,252,2.5
389,248,3.5
389,256,3.5
391,220,3.0
391,17,3.5
391,12,3.5
391,211,4.0
391,233,3.5
391,210,3.0
391,84,3.0
392,241,4.0
392,220,4.0
392,205,4.0
392,239,4.0
392,1220,2.0
393,236,4.0
393,234,4.0
393,246,3.5
393,84,3.5
395,250,4.0
395,213,2.5
395,241,3.5
395,7,3.5
395,9,2.5
395,219,3.0
395,254,3.0
395,13,4.0
395,1,3.0
395,257,3.5
395,4,3.5
395,233,3.0
395,248,3.5
396,536,4.0
396,1194,4.0
396,947,0.5
396,297,4.0
396,600,3.0
397,220,4.0
397,3,3.5
397,1,3.0
397,247,3.5
397,837,4.0
397,1233,0.5
399,5,4.0
399,12,4.0
399,207,3.0
401,235,3.5
401,12,4.0
401,9,3.5
401,121,2.0
401,211,4.0
401,244,3.5
401,207,4.0
401,210,3.0
401,247,3.5
402,1,3.0
402,1237,0.5
402,767,0.5
402,1238,0.5
402,1239,0.5
402,1242,0.5
402,1245,0.5
402,1248,0.5
402,1249,0.5
402,1254,0.5
403,17,4.0
403,236,4.0
403,207,3.5
403,8,3.0
404,241,3.0
404,5,3.0
404,17,3.5
404,2,4.0
404,9,4.0
404,1,3.5
404,8,3.5
404,210,2.5
405,13,4.0
405,341,4.0
406,250,4.0
406,7,4.0
406,220,4.0
406,236,4.0
406,255,2.0
406,211,4.0
406,233,4.0
406,247,4.0
407,215,4.0
407,13,4.0
408,206,4.0
408,12,3.0
408,211,4.0
409,7,4.0
409,207,3.0
410,2,3.5
410,11,4.0
410,207,3.0
411,213,2.5
411,17,4.0
411,9,4.0
411,217,4.0
411,245,3.5
411,239,3.0
411,1,3.0
411,4,1.5
411,8,1.5
411,247,3.5
412,215,4.0
412,213,2.5
412,235,3.5
412,216,4.0
412,234,4.0
412,211,3.5
412,217,4.0
412,3,3.0
412,212,2.5
412,254,4.0
412,8,3.5
412,256,3.5
413,5,3.5
413,17,3.5
413,1,3.0
413,4,4.0
413,240,4.0
414,10,3.0
416,236,4.0
416,10,4.0
417,243,3.0
418,205,3.5
418,10,4.0
418,13,4.0
418,1,3.0
418,249,4.0
418,256,3.5
420,215,4.0
420,213,2.5
420,7,4.0
420,206,3.5
420,17,3.5
420,12,3.5
420,9,2.5
420,121,2.0
420,205,3.0
420,11,4.0
420,10,4.0
420,257,3.5
420,4,3.5
420,253,3.0
420,84,3.5
421,7,4.0
421,207,2.5
422,234,4.0
422,13,4.0
423,17,3.5
423,257,3.0
424,7,4.0
424,236,4.0
424,12,4.0
424,255,4.0
424,211,4.0
424,11,4.0
424,257,3.5
424,210,3.0
424,256,4.0
425,241,3.5
425,5,3.0
425,7,4.0
425,206,4.0
425,236,4.0
425,3,3.0
425,212,1.0
425,11,4.0
425,13,4.0
425,6,2.5
425,253,1.0
425,248,3.5
425,256,4.0
426,250,4.0
426,17,3.0
426,211,4.0
426,11,4.0
427,250,4.0
427,251,1.5
427,241,3.5
427,206,4.0
427,11,4.0
427,10,4.0
427,6,2.5
427,1260,4.0
428,235,3.5
428,236,4.0
428,12,4.0
428,9,4.0
428,10,4.0
428,233,4.0
428,247,4.0
429,251,1.5
429,214,3.5
429,13,4.0
429,8,3.0
430,207,4.0
432,216,4.0
432,211,4.0
432,1,3.0
433,781,3.0
433,675,4.0
433,845,4.0
433,26,3.0
433,1265,2.5
433,1267,2.5
433,1220,2.0
435,5,3.5
435,278,3.5
436,220,3.5
436,207,3.0
436,1273,4.0
437,251,1.5
437,241,3.5
437,235,4.0
437,121,2.5
437,239,3.0
437,219,3.0
437,212,1.0
437,243,3.0
438,5,4.0
438,212,3.5
439,250,3.5
439,213,4.0
439,211,4.0
439,214,3.5
439,254,3.0
439,10,4.0
439,4,3.5
439,207,2.5
439,247,3.0
440,13,4.0
441,17,3.5
441,234,4.0
441,207,3.0
441,6,3.5
441,247,4.0
442,255,4.0
442,245,2.5
442,252,3.0
442,207,3.5
442,233,3.5
443,11,4.0
444,17,4.0
444,3,3.0
444,254,3.0
444,10,3.0
444,207,3.5
444,210,3.5
444,246,3.5
445,7,4.0
445,17,3.5
445,207,4.0
445,8,3.5
445,247,2.5
446,13,4.0
447,1,4.0
447,207,4.0
448,1275,3.0
449,211,4.0
449,84,3.5
450,11,4.0
450,246,3.0
451,250,4.0
451,17,3.5
451,12,4.0
451,205,4.0
451,245,2.5
451,212,1.0
451,13,4.0
451,257,3.0
451,233,3.0
451,6,3.0
451,246,3.5
451,84,3.5
451,243,3.0
452,213,4.0
452,241,3.5
452,9,3.5
452,255,4.0
452,214,3.5
452,239,3.0
452,207,2.5
452,246,3.5
452,144,4.0
452,1284,0.5
453,1,3.0
454,215,4.0
454,2,4.0
454,239,3.5
454,11,4.0
454,207,2.5
455,220,4.0
455,255,3.0
455,10,4.0
455,207,3.0
455,6,3.5
455,84,3.5
456,235,3.0
456,448,4.0
456,390,3.5
456,475,4.0
457,251,1.5
457,220,4.0
457,252,4.0
457,4,4.0
457,6,2.5
457,84,3.5
459,5,3.0
459,121,2.0
459,211,4.0
459,214,3.5
459,252,3.0
459,253,3.0
459,243,3.0
459,247,3.0
460,250,3.0
460,213,2.5
460,7,4.0
460,236,4.0
460,239,3.0
460,254,2.5
460,13,4.0
460,1,3.0
460,252,4.0
460,246,2.5
460,248,3.5
460,247,3.5
461,5,3.0
461,216,4.0
461,244,2.0
461,6,4.0
462,17,4.0
463,215,4.0
463,1286,1.5
464,5,3.0
464,520,4.0
464,236,4.0
464,211,4.0
464,257,3.5
464,1293,0.5
465,215,4.0
465,213,4.0
465,7,4.0
465,216,3.5
465,239,4.0
466,5,2.5
466,7,4.0
466,2,4.0
466,235,3.5
466,216,4.0
466,211,4.0
466,11,4.0
466,252,3.0
466,8,4.0
466,243,3.0
467,215,4.0
467,241,3.5
467,7,4.0
467,236,4.0
467,255,4.0
467,211,4.0
467,217,4.0
467,245,3.5
467,3,3.0
467,246,3.5
467,84,2.5
468,251,1.5
468,220,4.0
468,2,4.0
468,121,2.0
468,255,4.0
468,245,2.5
468,4,3.0
468,207,4.0
468,243,3.0
469,219,3.0
470,235,3.5
470,233,4.0
472,207,3.5
472,218,4.0
472,522,1.0
473,5,4.0
473,239,3.0
475,4,4.0
477,236,4.0
477,211,4.0
477,217,4.0
477,205,3.5
477,214,3.0
477,239,3.0
477,254,1.0
477,207,3.0
477,256,1.0
477,247,3.0
478,478,4.0
478,480,2.5
478,345,4.0
478,473,3.5
478,536,4.0
478,356,3.0
478,1298,2.0
479,728,3.5
479,278,3.5
479,322,3.0
479,1300,3.5
480,7,4.0
480,257,2.5
481,5,4.0
481,1295,3.0
482,7,4.0
482,255,4.0
482,245,2.5
482,239,3.0
482,219,3.5
482,254,3.0
482,11,4.0
482,4,4.0
482,233,3.5
483,9,3.5
483,239,3.0
483,212,1.0
483,10,4.0
483,1,3.0
483,252,0.5
483,210,2.5
483,15,1.5
484,2,3.5
484,236,4.0
484,3,3.0
485,236,4.0
485,9,2.5
485,121,3.0
485,216,4.0
485,217,4.0
485,205,3.5
485,214,0.5
485,219,3.0
485,244,3.0
485,10,4.0
485,243,3.0
486,7,4.0
486,239,3.0
486,219,3.0
487,241,3.5
487,2,4.0
487,236,4.0
487,9,3.5
487,217,4.0
487,245,2.0
487,10,4.0
487,6,2.5
487,246,3.5
487,253,3.0
487,248,3.5
488,241,3.0
488,121,2.0
488,217,3.0
488,10,3.0
488,702,3.5
488,31,2.0
488,398,0.5
488,526,4.0
489,293,4.0
489,879,3.0
489,336,4.0
489,521,4.0
490,213,2.5
490,217,4.0
490,205,3.0
490,244,3.0
491,215,4.0
491,235,3.5
491,207,2.5
492,250,4.0
492,7,4.0
492,17,3.5
492,2,4.0
492,235,3.5
492,236,4.0
492,211,4.0
492,212,2.5
492,252,0.5
492,257,3.0
492,4,3.0
492,8,4.0
492,247,3.0
494,7,4.0
494,206,3.5
494,220,4.0
494,236,4.0
494,214,0.5
494,245,3.5
494,219,3.0
494,244,1.5
494,1,3.0
494,247,3.5
495,121,3.0
495,254,3.0
495,244,3.0
495,207,3.0
498,207,3.5
499,17,4.0
499,2,4.0
500,121,2.0
500,255,4.0
500,234,4.0
500,205,3.5
500,219,4.0
502,241,3.5
502,5,3.0
502,7,4.0
502,12,4.0
502,9,3.5
502,212,1.0
502,244,2.0
502,10,4.0
502,246,3.5
502,84,3.5
503,416,4.0
504,2,4.0
504,219,3.0
505,235,3.5
505,9,2.5
505,255,2.5
505,214,3.5
505,13,4.0
505,1,3.5
505,252,3.0
505,4,4.0
505,8,3.5
505,246,3.5
505,253,1.5
505,256,3.5
506,215,4.0
506,251,3.0
506,234,4.0
506,3,3.0
506,252,2.5
507,251,1.5
507,241,3.5
507,17,3.5
507,205,4.0
507,219,3.0
507,10,4.0
507,246,3.5
507,248,3.5
507,256,4.0
507,247,3.5
508,2,3.5
508,239,3.5
508,8,4.0
508,940,3.5
509,241,3.5
509,7,4.0
509,12,3.5
509,245,3.5
509,212,1.0
509,13,4.0
509,764,3.5
509,286,4.0
509,584,3.0
509,148,4.0
509,341,1.5
509,414,3.5
509,930,0.5
509,938,2.5
509,748,0.5
509,924,2.0
509,929,3.5
509,1312,0.5
509,1314,0.5
509,1323,0.5
509,1325,0.5
510,431,4.0
510,1328,0.5
510,1329,0.5
510,1330,4.0
513,7,4.0
513,2,4.0
513,236,3.5
514,7,4.0
514,17,3.0
514,211,4.0
514,207,3.5
514,8,3.0
514,1334,0.5
515,241,3.5
515,206,4.0
515,220,4.0
515,235,3.5
515,236,4.0
515,12,3.5
515,3,3.5
515,10,4.0
515,13,4.0
516,17,4.0
516,219,4.0
517,215,4.0
517,213,3.5
517,17,4.0
517,216,4.0
517,212,2.5
517,4,3.0
517,207,3.0
517,253,2.5
518,250,4.0
518,7,4.0
518,121,3.0
518,3,3.0
518,219,4.0
519,250,4.0
519,17,4.0
519,245,2.5
519,13,4.0
519,877,3.0
520,215,4.0
520,241,3.5
520,7,4.0
520,220,4.0
520,216,4.0
520,207,4.0
520,8,4.0
520,6,3.0
520,253,3.5
522,12,3.0
522,1,3.0
522,84,3.0
523,251,1.5
523,7,4.0
523,236,4.0
523,255,4.0
523,257,3.0
524,2,4.0
524,207,3.0
524,525,4.0
525,11,4.0
526,9,4.0
526,1,3.0
526,4,4.0
526,84,3.0
527,235,3.0
527,255,4.0
528,7,4.0
528,3,3.5
528,246,3.5
530,250,4.0
530,7,4.0
530,220,4.0
530,17,3.5
530,2,4.0
530,235,3.5
530,255,4.0
530,214,3.5
530,3,4.0
530,219,4.0
530,1,3.0
530,8,1.0
530,246,3.5
530,247,4.0
531,299,3.5
533,250,3.5
533,236,4.0
533,604,3.5
533,525,3.5
533,984,0.5
533,550,4.0
533,167,4.0
533,266,0.5
533,383,1.5
533,739,3.0
533,941,0.5
534,214,3.5
534,245,3.5
535,215,4.0
535,206,3.0
535,17,3.0
535,205,3.0
535,245,3.5
535,219,3.0
535,254,2.5
535,10,4.0
535,257,3.0
535,233,3.5
535,210,3.0
535,247,3.0
536,213,3.5
536,5,3.0
536,219,3.0
536,10,4.0
536,1,3.0
536,4,4.0
537,251,1.5
537,211,4.0
537,239,3.0
537,244,3.0
537,10,4.0
537,1,3.0
537,257,3.5
537,253,1.5
537,247,3.0
538,215,4.0
538,213,2.5
538,11,4.0
538,210,3.0
538,256,3.5
539,5,3.0
539,211,4.0
539,217,4.0
539,3,3.0
539,254,1.0
539,10,4.0
539,6,2.5
539,210,3.5
539,253,3.0
539,256,3.0
540,220,4.0
540,4,4.0
541,241,3.0
541,234,4.0
541,11,4.0
541,242,4.0
541,434,4.0
541,297,4.0
542,9,4.0
542,211,4.0
544,215,4.0
544,241,3.5
544,5,3.0
544,17,3.0
544,236,4.0
544,255,4.0
544,234,4.0
544,214,3.5
544,10,4.0
544,233,4.0
544,248,3.5
544,249,4.0
545,13,4.0
546,245,3.5
546,1,4.0
546,1349,2.5
546,1348,2.5
546,592,1.0
546,318,4.0
546,900,3.5
547,250,4.0
547,241,3.5
547,206,4.0
547,2,4.0
547,12,4.0
547,121,3.0
547,211,4.0
547,3,3.0
547,10,4.0
547,257,3.0
548,7,4.0
548,220,0.5
548,235,0.5
548,216,4.0
548,211,4.0
548,3,4.0
548,254,3.0
548,244,1.5
548,257,3.5
548,210,2.5
549,251,1.5
549,213,3.5
549,7,4.0
549,236,4.0
549,217,3.5
549,254,3.0
549,252,4.0
549,257,3.0
549,233,3.5
549,6,2.5
549,84,3.5
549,256,3.5
550,213,4.0
550,220,4.0
550,235,3.5
550,217,4.0
550,254,1.0
550,207,3.0
550,270,3.5
550,84,3.5
551,7,4.0
552,241,3.5
552,10,4.0
552,13,4.0
553,205,4.0
553,10,4.0
553,1,4.0
553,210,3.5
554,5,4.0
554,4,4.0
555,215,4.0
555,213,3.0
555,220,3.0
555,2,4.0
555,211,4.0
555,205,3.5
555,3,2.5
555,219,3.0
555,207,4.0
555,8,3.5
555,253,3.0
555,256,3.5
556,2,3.5
556,638,4.0
556,434,4.0
557,7,4.0
557,17,3.5
557,216,4.0
557,214,3.5
557,245,2.5
557,254,2.5
557,6,2.5
558,13,4.0
559,250,4.0
559,213,3.5
559,2,4.0
559,211,4.0
559,217,3.0
559,239,3.0
559,254,4.0
559,249,3.0
560,11,4.0
560,253,2.5
561,215,4.0
561,235,3.5
561,121,2.5
561,216,4.0
561,211,4.0
561,3,3.0
561,11,4.0
561,257,3.5
561,6,2.5
561,210,3.5
561,246,3.5
562,205,3.0
562,781,3.0
562,242,3.5
562,805,3.5
562,477,2.5
563,7,4.0
563,3,3.5
563,442,3.0
564,11,4.0
564,257,3.0
566,213,3.5
566,5,3.5
566,220,2.0
566,2,4.0
566,12,3.5
566,9,2.5
566,216,4.0
566,255,4.0
566,211,4.0
566,245,1.0
566,239,3.0
566,13,4.0
566,243,3.0
567,7,4.0
567,12,4.0
567,219,4.0
567,1,3.0
568,220,4.0
568,17,4.0
568,842,4.0
568,1281,0.5
568,1282,0.5
569,213,4.0
569,9,4.0
569,214,3.5
569,4,4.0
569,207,3.5
569,6,2.5
569,247,3.5
570,215,4.0
570,241,3.5
570,121,2.5
570,216,3.0
570,219,3.0
570,10,3.5
570,1355,0.5
571,255,4.0
571,214,2.0
571,245,3.5
571,254,3.0
571,257,3.5
571,4,4.0
571,243,3.0
572,7,4.0
572,13,4.0
572,1027,4.0
573,7,4.0
573,2,4.0
574,9,4.0
575,9,3.0
575,13,4.0
576,236,4.0
576,12,4.0
576,121,3.0
576,219,4.0
576,11,4.0
576,10,4.0
576,4,3.5
576,249,3.0
577,211,4.0
578,236,4.0
578,451,4.0
578,1364,0.5
579,17,3.5
579,13,4.0
579,207,3.5
580,5,4.0
580,220,4.0
580,255,1.5
580,239,4.0
580,10,4.0
580,233,3.5
580,248,3.5
581,7,4.0
583,5,3.5
583,3,3.0
583,8,4.0
585,251,1.5
585,213,4.0
585,2,4.0
585,11,4.0
585,257,3.0
585,4,3.5
586,215,4.0
586,2,4.0
586,205,4.0
586,3,4.0
587,215,4.0
587,7,4.0
587,234,4.0
587,244,3.0
587,13,4.0
587,339,2.5
587,638,4.0
587,336,3.5
587,612,0.5
587,807,4.0
588,250,4.0
588,6,3.0
588,872,3.0
588,1193,4.0
588,806,3.5
588,670,4.0
588,671,3.5
589,215,4.0
589,251,3.5
589,220,4.0
589,9,3.5
589,255,3.0
589,205,3.0
589,3,3.0
589,1183,1.0
590,251,3.0
590,12,3.5
590,247,2.5
591,781,2.5
591,293,4.0
591,696,4.0
591,585,3.5
591,287,3.0
591,307,4.0
591,274,4.0
591,739,3.5
592,235,3.5
592,12,4.0
592,4,3.0
593,7,3.5
593,211,4.0
593,245,2.5
594,239,4.0
597,216,4.0
597,205,3.5
597,219,4.0
597,4,4.0
597,207,3.5
597,233,3.5
598,17,4.0
598,235,4.0
598,11,4.0
598,10,4.0
598,207,4.0
599,13,4.0
600,241,4.0
600,2,4.0
600,4,4.0
601,12,4.0
601,121,3.0
601,217,4.0
601,205,2.5
601,239,0.5
601,11,4.0
601,244,3.5
601,10,3.0
601,257,3.0
602,215,4.0
603,215,4.0
603,7,4.0
603,17,3.5
603,239,3.5
603,207,4.0
604,2,4.0
606,236,3.5
606,12,4.0
606,254,1.0
606,8,2.0
606,253,3.0
606,248,3.5
606,249,3.5
606,247,4.0
607,11,4.0
608,206,4.0
608,220,4.0
608,17,3.0
608,11,4.0
608,10,4.0
608,13,4.0
608,4,4.0
608,247,3.5
608,1373,0.5
610,215,4.0
610,17,3.5
610,257,3.5
610,8,3.5
610,246,3.5
610,84,3.5
613,251,1.5
613,5,3.0
613,2,4.0
613,236,4.0
613,9,3.5
613,217,4.0
613,205,3.5
613,11,4.0
613,207,3.0
613,253,3.5
613,84,3.5
613,247,3.0
614,12,3.5
614,219,3.0
614,212,1.0
614,13,4.0
614,252,0.5
614,4,4.0
614,1055,0.5
615,17,4.0
615,216,4.0
615,255,4.0
615,3,3.0
615,252,3.0
615,233,3.5
616,220,4.0
616,3,3.5
616,1,3.0
616,769,3.0
616,541,1.5
616,898,3.0
616,376,2.5
617,215,4.0
617,250,4.0
617,251,1.5
617,2,4.0
618,17,4.0
618,216,4.0
618,96,4.0
620,235,3.0
620,245,3.5
620,3,3.0
622,250,4.0
622,251,1.5
622,5,3.0
622,211,4.0
622,3,3.0
622,4,3.5
622,246,3.0
623,215,4.0
623,2,4.0
623,11,4.0
623,1,4.0
625,213,4.0
625,5,4.0
625,7,4.0
625,214,4.0
625,239,4.0
625,11,4.0
625,10,4.0
625,252,4.0
626,236,4.0
626,9,3.5
626,216,3.0
626,219,3.0
626,207,3.0
626,8,3.5
626,477,3.0
626,499,0.5
626,657,3.0
626,284,2.5
626,523,1.5
626,983,0.5
626,1195,3.0
626,582,3.0
626,1385,0.5
626,1383,4.0
626,100,2.0
626,729,4.0
626,1379,4.0
626,1050,3.5
626,1391,0.5
628,215,4.0
628,251,3.5
628,7,4.0
628,17,4.0
628,217,4.0
628,10,4.0
628,1,3.0
628,253,3.0
628,550,4.0
629,213,4.0
629,245,3.5
629,219,4.0
629,1,3.0
630,241,3.5
630,9,3.5
630,239,3.0
630,3,3.0
630,207,3.0
630,233,3.0
630,253,3.0
630,247,3.0
631,215,4.0
631,2,4.0
631,12,4.0
631,9,3.5
631,217,4.0
631,245,3.5
631,219,2.5
631,10,4.0
631,253,3.0
631,248,3.5
631,243,3.0
632,8,4.0
633,5,3.0
633,216,4.0
633,234,4.0
633,217,3.0
633,205,3.5
633,214,3.5
633,239,3.0
633,11,4.0
633,10,4.0
633,13,4.0
633,6,2.5
633,246,2.5
634,215,4.0
634,17,3.5
634,12,3.5
634,207,3.0
636,159,3.0
638,250,4.0
638,17,4.0
638,216,4.0
638,211,4.0
638,3,3.0
638,11,4.0
638,10,4.0
638,335,4.0
638,446,4.0
640,1,3.0
640,1404,3.5
640,1400,0.5
640,1402,0.5
641,9,4.0
641,239,3.5
642,10,4.0
643,13,4.0
643,207,4.0
643,218,4.0
644,1,3.0
644,777,3.0
645,241,3.5
645,236,4.0
645,496,2.0
645,1406,0.5
646,215,4.0
646,205,3.0
647,3,3.0
647,665,3.5
647,777,3.0
648,5,3.0
648,7,4.0
648,239,3.0
648,233,3.5
649,4,4.0
650,17,3.0
650,236,4.0
650,205,3.5
650,1,3.5
650,253,3.0
650,84,3.0
652,17,3.5
652,205,3.0
653,250,4.0
653,236,4.0
653,239,3.5
653,3,3.0
653,10,4.0
653,233,3.5
654,10,3.0
654,1,3.0
655,12,3.5
656,12,3.0
656,239,3.0
657,5,3.5
657,220,2.0
657,235,3.0
657,9,2.5
657,121,2.5
657,211,4.0
657,217,4.0
657,205,3.0
657,1,3.0
657,252,3.0
657,233,3.0
657,248,3.5
657,256,3.5
658,220,2.0
658,12,4.0
658,214,0.5
658,219,3.0
658,257,3.0
659,3,3.0
659,347,3.0
659,1174,3.0
660,250,4.0
660,251,1.5
660,241,3.0
660,7,4.0
660,17,3.5
660,211,4.0
660,1,3.0
660,8,3.0
660,6,2.5
661,250,4.0
661,251,1.5
661,5,3.0
661,206,4.0
661,234,4.0
661,239,3.0
661,10,4.0
661,4,1.5
661,248,3.5
662,2,4.0
662,236,4.0
662,216,4.0
662,219,4.0
662,11,4.0
662,4,4.0
662,8,3.5
662,1177,3.0
663,235,4.0
663,211,4.0
663,205,4.0
663,3,3.0
663,219,4.0
663,4,4.0
664,7,4.0
665,246,3.0
666,220,2.0
666,216,3.5
666,234,4.0
666,10,3.0
666,252,0.5
666,207,3.0
666,246,2.5
667,220,2.0
667,17,3.0
667,235,3.5
667,9,2.5
667,217,0.5
667,214,2.5
667,219,3.0
667,212,1.0
667,254,2.5
667,257,3.0
667,253,0.5
667,247,1.0
668,250,4.0
668,205,3.5
668,219,3.0
668,207,3.0
668,305,3.0
669,206,4.0
669,245,2.5
669,219,3.0
669,254,3.0
669,4,3.5
669,8,4.0
669,246,3.0
669,243,3.0
670,215,4.0
670,3,3.5
670,13,4.0
670,1,3.5
670,8,4.0
670,307,4.0
670,659,2.5
670,240,2.5
670,1219,3.5
670,96,4.0
670,1173,3.5
670,297,3.5
670,1072,3.5
670,777,3.0
670,1014,0.5
670,1108,1.0
670,1133,0.5
670,1139,0.5
670,1145,0.5
670,1153,0.5
670,1156,0.5
670,1158,0.5
670,1313,0.5
670,1409,0.5
670,1411,0.5
670,1413,0.5
670,1421,0.5
670,1425,0.5
670,1431,0.5
670,1435,0.5
670,1438,0.5
671,5,3.5
671,220,4.0
671,205,2.5
671,245,2.5
671,207,2.5
671,218,4.0
672,213,3.5
672,7,4.0
672,220,4.0
672,9,3.5
672,219,4.0
672,244,3.0
672,13,4.0
672,1,3.0
672,6,2.5
672,253,3.0
672,84,3.5
672,256,4.0
672,247,3.5
673,121,2.0
673,234,4.0
673,219,3.5
673,212,1.0
673,10,4.0
673,13,4.0
673,257,3.5
673,243,3.0
674,216,4.0
674,239,3.0
674,11,4.0
674,10,4.0
674,207,4.0
674,8,3.5
674,233,3.5
674,253,3.0
675,241,3.5
675,2,4.0
675,239,3.0
675,257,3.0
675,8,4.0
676,12,3.5
677,255,2.5
677,10,4.0
677,1,3.0
677,233,3.0
677,6,2.5
677,249,4.0
677,256,3.0
678,13,4.0
679,215,4.0
679,2,3.5
680,235,3.0
680,207,3.0
681,215,4.0
681,12,3.0
682,4,3.0
683,241,3.5
683,239,3.0
683,13,4.0
683,4,3.5
683,253,3.0
683,318,4.0
683,512,4.0
684,234,4.0
684,4,3.5
685,17,3.5
685,234,4.0
685,13,3.0
685,1,3.0
685,210,0.5
685,246,3.5
686,1,3.0
687,17,4.0
687,257,4.0
690,84,3.0
691,9,4.0
692,217,3.5
692,239,3.0
693,250,4.0
693,213,3.5
693,205,4.0
693,6,2.5
695,236,4.0
695,12,4.0
695,121,2.0
695,205,2.5
695,3,3.0
695,11,4.0
696,2,4.0
697,583,4.0
697,1446,0.5
701,2,4.0
702,1488,4.0
702,659,4.0
702,1459,3.5
702,1060,1.0
702,519,3.0
702,1477,3.0
702,616,3.0
702,1173,4.0
702,1451,4.0
702,779,3.5
702,1486,4.0
702,1044,4.0
702,586,0.5
702,446,4.0
702,870,4.0
702,991,0.5
702,1041,0.5
702,1049,4.0
702,1050,0.5
702,1065,0.5
702,1066,0.5
702,1313,4.0
702,1363,3.0
702,1365,3.0
702,1376,3.0
702,1424,3.0
702,1425,0.5
702,1461,0.5
702,1463,0.5
702,1468,0.5
702,1470,0.5
702,1475,4.0
702,1480,0.5
702,1483,0.5
702,1489,0.5
702,1492,0.5
702,1499,3.0
704,12,3.0
705,5,3.5
705,217,4.0
705,205,3.5
705,214,3.5
705,245,3.5
705,254,2.5
705,252,3.0
705,6,3.0
706,7,4.0
706,205,3.0
706,239,3.0
706,219,3.5
706,1,3.0
707,7,4.0
707,235,3.0
708,1076,3.0
709,10,4.0
710,5,4.0
710,220,4.0
711,9,2.5
711,217,4.0
711,205,3.0
711,239,3.0
711,212,1.0
711,13,4.0
711,8,3.5
712,220,4.0
712,121,3.0
713,7,4.0
713,17,3.5
713,3,3.0
713,8,3.5
714,250,3.5
714,241,3.5
714,236,4.0
714,255,2.5
714,245,3.5
714,11,4.0
714,10,4.0
714,257,3.5
714,8,3.5
714,210,3.0
715,7,4.0
715,206,4.0
715,2,4.0
715,11,4.0
716,213,2.5
716,206,4.0
716,234,4.0
716,217,4.0
716,245,3.5
716,11,4.0
716,10,4.0
716,6,2.5
716,84,3.0
716,1123,0.5
717,9,4.0
717,11,4.0
719,251,1.5
719,220,4.0
719,236,4.0
719,216,4.0
719,219,3.0
719,254,3.0
719,1,3.0
719,210,2.5
719,84,3.5
719,256,4.0
719,243,3.0
720,215,4.0
722,13,4.0
723,205,4.0
724,17,4.0
724,211,4.0
724,214,3.5
724,10,4.0
724,13,4.0
724,8,1.5
724,233,3.5
725,2,4.0
725,299,4.0
725,843,4.0
725,595,4.0
725,677,3.5
725,759,2.0
726,250,4.0
726,236,4.0
726,217,4.0
726,205,4.0
726,245,3.5
726,239,3.5
726,233,3.0
726,210,3.0
727,5,2.5
727,17,3.5
727,2,4.0
727,205,4.0
727,3,3.5
727,257,3.0
727,6,3.5
728,216,3.0
728,1516,3.0
728,1517,0.5
729,241,3.5
729,220,4.0
729,12,3.5
729,121,2.0
729,216,4.0
729,211,4.0
729,217,4.0
729,219,2.5
729,257,3.0
729,4,3.5
729,207,3.0
729,6,2.5
729,253,2.5
729,84,3.5
730,215,4.0
730,5,4.0
730,7,4.0
730,211,4.0
730,214,3.5
730,245,3.5
730,10,4.0
730,207,4.0
730,233,4.0
730,246,3.5
731,5,3.5
731,219,4.0
731,13,4.0
732,2,4.0
732,13,4.0
732,940,4.0
732,307,4.0
732,1518,0.5
733,318,4.0
734,211,4.0
734,245,3.5
734,247,3.0
735,2,4.0
735,3,3.5
735,13,4.0
735,8,3.5
735,246,3.5
736,220,4.0
736,1,4.0
737,219,4.0
737,1,4.0
737,4,4.0
737,233,3.0
738,215,4.0
738,7,4.0
738,216,4.0
738,214,2.0
738,11,4.0
739,347,3.0
739,478,3.5
739,1516,3.0
739,410,4.0
739,310,4.0
740,7,4.0
740,234,4.0
740,233,3.5
741,7,4.0
741,17,3.5
741,12,3.0
743,17,4.0
743,2,4.0
744,5,4.0
744,17,3.5
744,205,3.0
744,245,2.5
744,3,3.0
744,1,3.0
745,241,3.5
745,12,3.5
745,10,3.0
746,251,1.5
746,241,3.5
746,235,3.5
746,239,3.0
746,11,4.0
746,246,3.5
746,270,3.5
746,84,3.0
746,249,4.0
747,5,3.0
747,7,4.0
747,235,3.0
747,216,4.0
747,239,4.0
747,13,4.0
747,233,3.5
747,246,3.5
747,253,4.0
747,248,3.5
747,249,3.0
748,215,4.0
748,212,2.5
749,17,4.0
749,257,3.0
750,215,4.0
750,213,3.5
750,9,2.5
750,214,3.5
750,212,1.0
750,254,3.0
750,10,3.5
750,13,3.0
750,4,1.5
750,6,2.5
750,210,3.5
750,1237,0.5
750,248,3.5
750,243,3.0
750,27,0.5
750,68,0.5
751,2,4.0
752,11,4.0
754,5,4.0
754,257,3.0
756,5,3.5
756,12,3.0
756,1,3.0
756,207,3.0
756,233,2.5
757,17,3.5
757,12,4.0
757,9,3.5
757,216,4.0
757,10,4.0
757,13,4.0
757,233,3.0
757,6,2.5
757,247,3.0
758,2,4.0
759,251,1.5
759,206,2.0
759,9,3.5
759,216,4.0
759,211,4.0
759,217,4.0
759,3,3.0
759,207,3.0
759,233,3.0
760,7,4.0
760,220,4.0
760,235,3.5
760,12,3.5
760,217,3.5
760,245,1.0
760,239,3.0
760,219,3.5
760,4,3.5
760,207,3.0
760,8,3.0
760,6,2.5
760,253,1.0
761,215,4.0
761,213,3.0
761,5,3.0
761,17,3.0
761,236,4.0
761,234,4.0
761,254,1.0
761,4,4.0
762,251,1.5
762,7,4.0
762,206,3.5
762,236,4.0
762,8,3.5
762,256,2.0
763,7,4.0
763,11,4.0
763,207,3.0
764,235,4.0
764,205,3.0
764,781,3.0
764,723,2.0
764,286,4.0
764,1393,3.5
764,318,2.0
764,698,2.0
764,715,2.5
764,392,3.5
764,941,2.0
764,1370,0.5
765,11,4.0
765,13,4.0
766,250,4.0
766,17,3.0
766,8,3.0
768,207,3.0
769,10,4.0
769,583,2.0
769,247,2.5
769,377,4.0
769,1533,0.5
769,1523,4.0
769,1532,3.5
769,385,3.0
769,1526,0.5
769,1531,0.5
770,7,3.0
772,1,4.0
772,257,3.5
772,210,2.5
774,4,4.0
774,836,1.5
775,17,4.0
776,9,3.0
776,216,4.0
776,255,4.0
776,219,2.5
776,1,3.5
776,207,3.0
777,213,2.5
777,235,3.5
777,12,3.5
777,217,3.5
777,3,3.0
777,219,3.0
777,13,4.0
777,253,3.0
778,11,4.0
779,13,4.0
780,17,4.0
780,257,3.5
780,233,3.0
780,210,3.0
780,84,1.5
781,250,4.0
781,206,4.0
781,236,4.0
781,9,3.5
781,234,4.0
781,219,4.0
781,13,4.0
781,4,4.0
781,8,4.0
781,233,3.5
781,6,2.5
781,210,3.0
781,253,3.0
782,5,3.0
782,206,3.0
782,17,4.0
782,205,3.0
783,213,3.0
783,2,4.0
783,1,3.0
784,235,3.5
784,12,4.0
784,121,2.0
784,216,4.0
784,255,4.0
784,234,4.0
784,214,2.0
784,11,4.0
784,252,3.0
784,210,3.0
784,84,3.5
784,256,4.0
785,5,3.0
785,2,4.0
785,10,4.0
786,235,3.5
786,1,3.0
787,12,3.0
788,215,4.0
788,245,2.5
788,11,4.0
788,244,3.5
788,10,4.0
788,1,3.0
788,207,3.0
788,253,3.0
788,243,3.0
789,17,3.0
789,2,4.0
789,12,3.0
789,207,3.0
790,250,4.0
790,213,4.0
790,241,3.5
790,2,4.0
790,216,4.0
790,205,3.5
790,214,3.5
790,245,2.5
790,212,2.5
790,252,0.5
790,210,3.0
791,235,3.0
793,220,4.0
793,12,4.0
793,121,3.5
793,205,3.0
793,4,4.0
794,217,3.0
794,219,3.0
794,11,4.0
794,10,4.0
794,1,3.0
794,207,4.0
795,251,1.5
795,220,4.0
795,216,4.0
795,234,4.0
795,219,4.0
795,4,1.5
795,6,2.5
796,7,4.0
797,215,4.0
797,250,4.0
797,241,3.5
797,12,4.0
797,239,3.0
797,10,4.0
797,8,3.5
797,233,3.5
797,243,3.0
800,251,1.5
800,2,4.0
800,216,4.0
800,211,4.0
800,217,4.0
800,245,2.5
800,212,2.5
800,10,4.0
800,1,3.0
800,252,3.0
800,247,3.0
805,215,4.0
805,9,4.0
805,234,4.0
806,1540,0.5
807,215,4.0
807,17,3.5
810,206,3.0
810,12,3.5
810,9,4.0
812,17,3.0
812,12,3.5
812,217,4.0
812,207,4.0
812,400,4.0
812,1513,2.5
812,366,3.5
812,661,3.0
812,662,3.5
812,663,4.0
812,808,4.0
812,1053,2.5
812,1546,0.5
812,1548,0.5
812,1553,0.5
813,235,3.5
813,8,4.0
813,1556,0.5
813,1557,0.5
814,241,3.5
814,7,4.0
814,206,3.5
814,9,2.5
814,255,2.5
814,205,3.5
814,3,3.0
814,219,3.5
814,10,4.0
814,1,3.5
814,4,4.0
814,210,2.5
814,246,4.0
815,213,3.0
815,241,3.5
815,1,3.0
815,257,3.5
815,84,3.5
815,1166,0.5
815,1168,0.5
815,1179,0.5
817,241,3.0
817,2,4.0
817,12,4.0
817,234,4.0
817,217,4.0
817,252,4.0
817,249,4.0
817,243,3.0
818,213,3.0
818,2,4.0
818,12,4.0
818,211,4.0
818,217,4.0
818,239,3.0
818,1,3.0
818,8,1.0
818,253,3.0
818,84,1.5
818,248,3.5
818,256,4.0
818,243,3.0
819,215,4.0
819,5,4.0
819,2,4.0
819,9,4.0
821,251,4.0
821,235,3.5
821,216,4.0
821,3,3.0
821,252,4.0
821,207,4.0
821,8,4.0
821,233,3.0
821,253,3.5
822,7,4.0
823,207,2.5
825,294,4.0
825,432,4.0
825,400,4.0
825,73,3.0
825,274,4.0
825,681,4.0
826,5,3.0
826,206,4.0
826,2,4.0
826,236,4.0
826,217,4.0
826,219,4.0
826,210,3.0
826,253,3.0
826,84,3.5
826,256,4.0
827,861,1.5
828,239,3.5
828,218,4.0
829,213,3.0
829,10,4.0
829,8,3.5
829,491,4.0
830,241,3.5
830,3,3.5
830,207,3.0
830,425,3.5
830,55,4.0
830,307,4.0
830,1026,4.0
830,300,3.0
830,130,3.0
830,35,0.5
830,66,0.5
830,71,3.0
830,118,0.5
830,136,0.5
830,661,3.0
830,1256,3.0
830,1301,3.5
831,787,2.5
831,383,2.0
831,377,4.0
831,1574,0.5
831,1579,0.5
831,1570,0.5
833,4,4.0
834,17,3.5
834,235,3.0
836,251,1.5
836,241,3.5
836,7,4.0
836,220,2.0
836,121,3.0
836,234,4.0
836,211,4.0
836,219,4.0
836,253,4.0
836,1588,0.5
836,248,3.5
836,1584,0.5
836,1586,0.5
837,251,1.5
837,2,4.0
837,591,1.5
838,215,4.0
838,2,4.0
838,235,3.0
838,211,4.0
838,239,4.0
838,1,3.0
838,257,3.0
838,944,0.5
838,968,0.5
839,7,4.0
839,236,4.0
839,255,3.5
839,11,4.0
839,1029,4.0
839,221,0.5
839,223,0.5
839,226,0.5
839,227,0.5
839,230,0.5
839,231,0.5
839,232,0.5
839,413,0.5
840,235,3.0
840,121,2.5
840,255,3.5
840,8,3.5
841,4,4.0
841,1566,3.0
842,17,4.0
842,9,4.0
842,217,4.0
842,245,2.5
842,244,4.0
842,252,2.5
842,4,4.0
842,781,4.0
842,489,4.0
842,675,4.0
842,249,4.0
842,1075,0.5
842,240,4.0
842,743,3.5
842,461,3.0
842,1077,0.5
843,215,4.0
843,213,2.5
843,234,3.0
843,11,4.0
843,1517,0.5
844,7,4.0
844,207,4.0
845,251,3.0
845,17,3.5
845,12,3.5
845,216,4.0
845,234,4.0
845,205,3.5
845,239,4.0
845,1,3.0
845,585,3.5
845,406,3.0
845,519,4.0
845,616,4.0
845,1604,0.5
845,1603,0.5
845,1614,0.5
845,1610,0.5
845,1607,0.5
845,1072,3.0
845,21,1.5
846,215,4.0
846,251,3.0
846,241,3.0
846,9,4.0
846,11,4.0
847,250,4.0
847,213,2.5
847,206,4.0
847,235,3.5
847,12,4.0
847,205,3.0
847,257,3.0
847,4,2.0
847,8,3.5
847,1221,4.0
847,1195,3.5
847,348,2.5
847,1059,2.5
847,662,0.5
847,999,3.5
847,1001,4.0
847,1620,0.5
847,1624,0.5
848,318,4.0
848,656,3.5
848,1274,3.5
848,560,3.5
849,7,4.0
849,3,3.0
849,746,3.5
849,1631,0.5
849,1632,0.5
851,251,1.5
851,17,4.0
851,214,3.5
851,245,2.5
851,239,3.0
851,219,3.0
851,13,4.0
851,8,1.5
851,246,3.5
851,253,3.0
851,248,3.5
852,250,4.0
852,241,3.5
852,5,3.0
852,2,4.0
852,214,3.5
852,239,3.0
852,212,1.0
852,11,4.0
852,248,3.5
852,249,4.0
852,256,1.0
852,247,3.5
853,8,4.0
854,215,4.0
854,213,4.0
854,241,3.0
854,235,2.0
854,243,3.0
856,257,3.0
857,218,4.0
859,17,3.5
859,12,4.0
859,219,4.0
859,11,4.0
859,10,4.0
859,8,4.0
859,233,3.5
860,205,3.0
861,233,4.0
861,336,4.0
861,1637,4.0
862,17,3.0
862,2,4.0
862,207,3.5
862,476,3.5
863,251,1.5
863,213,2.5
863,17,3.0
863,12,3.0
863,3,3.5
863,219,3.0
864,250,4.0
864,213,2.5
864,5,3.0
864,220,4.0
864,2,4.0
864,216,4.0
864,255,4.0
864,219,4.0
864,212,4.0
864,11,4.0
864,244,4.0
864,13,4.0
864,1,3.0
864,233,3.5
864,253,3.0
864,256,3.5
864,243,3.0
865,250,4.0
865,234,4.0
865,3,3.0
865,11,4.0
865,1,3.0
865,8,2.0
865,233,3.5
865,84,3.5
865,256,3.0
866,2,4.0
867,5,3.0
867,17,3.5
867,2,4.0
867,245,2.5
867,239,3.0
867,244,1.5
867,252,0.5
867,257,3.5
867,246,3.5
867,84,3.5
868,8,3.5
869,2,3.5
870,17,3.0
871,2,4.0
871,216,4.0
871,255,4.0
871,245,1.0
871,239,3.0
871,254,2.5
871,257,3.5
871,8,3.0
871,233,3.5
872,17,4.0
872,207,3.0
872,8,4.0
873,241,3.5
873,2,4.0
873,3,3.0
873,383,2.0
874,215,4.0
874,251,1.5
874,211,4.0
874,214,3.5
874,212,1.0
874,254,3.0
874,10,4.0
874,4,3.5
874,207,3.0
874,256,3.5
874,247,3.0
875,219,3.0
875,11,4.0
876,205,4.0
877,4,4.0
878,234,4.0
878,11,4.0
878,252,3.0
878,8,3.0
878,6,2.5
878,253,3.0
878,256,3.5
879,251,1.5
879,7,4.0
879,2,4.0
879,12,4.0
879,211,4.0
879,205,3.5
879,214,0.5
879,3,3.0
879,219,2.0
879,11,4.0
879,1,3.0
879,233,3.5
880,2,4.0
880,121,4.0
881,10,3.0
882,9,3.5
882,219,3.5
883,251,4.0
883,234,4.0
883,205,4.0
883,11,4.0
883,257,3.0
883,8,3.5
887,215,4.0
888,235,3.5
888,255,4.0
888,4,4.0
889,189,4.0
890,17,3.5
890,2,4.0
890,12,3.5
890,216,4.0
890,212,1.0
891,5,4.0
891,239,3.0
891,207,3.0
891,286,4.0
891,265,2.5
891,269,3.0
891,1084,0.5
891,1094,0.5
891,1102,3.5
891,1111,0.5
892,361,2.5
892,1136,0.5
893,377,3.0
894,7,4.0
894,205,3.0
894,4,4.0
894,698,3.0
895,3,4.0
896,7,4.0
896,121,4.0
896,254,4.0
896,13,4.0
896,8,4.0
896,246,4.0
896,253,4.0
896,256,4.0
896,247,4.0
897,1,3.0
898,397,3.5
898,585,3.5
898,26,3.5
898,442,4.0
898,1199,3.0
898,1202,2.5
898,1292,2.5
899,220,3.0
899,239,3.5
899,10,4.0
899,257,3.5
899,1122,2.5
900,2,3.5
900,235,3.5
900,9,2.5
900,211,4.0
900,245,1.0
900,244,2.0
900,84,3.0
902,3,3.0
902,207,4.0
902,1542,4.0
903,5,3.5
903,255,4.0
903,205,4.0
903,11,4.0
903,207,3.0
905,251,1.5
905,5,3.0
905,206,3.5
905,220,4.0
905,17,4.0
905,2,4.0
905,235,0.5
905,219,4.0
905,244,4.0
905,13,4.0
905,4,4.0
905,253,3.0
905,318,4.0
906,11,4.0
907,251,1.5
907,241,3.5
907,5,3.0
907,220,4.0
907,2,4.0
907,236,4.0
907,12,3.0
907,255,2.5
907,253,3.0
908,251,1.5
908,236,3.5
908,121,2.5
908,255,4.0
908,217,4.0
908,1,3.0
908,249,4.0
909,241,3.5
909,211,4.0
909,214,0.5
909,3,3.0
909,212,1.0
909,244,4.0
909,207,3.0
909,8,3.5
910,215,4.0
910,3,3.0
910,1,3.0
911,215,4.0
911,234,4.0
911,205,3.0
911,253,3.5
912,213,2.5
912,11,4.0
913,235,3.0
913,10,3.0
914,5,4.0
914,7,4.0
914,17,3.5
914,12,3.0
914,239,3.5
914,3,3.0
914,8,3.5
914,6,3.5
914,253,3.0
915,121,3.0
915,234,4.0
916,1445,3.0
916,1446,0.5
917,216,4.0
917,13,4.0
917,248,3.5
917,467,0.5
918,206,4.0
918,235,3.5
918,3,3.0
918,212,1.0
918,10,3.0
918,696,3.5
918,719,4.0
918,84,3.0
918,243,3.0
918,512,4.0
919,234,4.0
919,245,1.0
919,219,2.5
919,249,4.0
920,205,3.0
920,1,3.0
920,246,3.5
921,215,4.0
921,235,3.5
921,12,4.0
921,205,4.0
921,3,3.0
921,244,2.0
921,10,4.0
921,13,4.0
921,252,2.5
921,8,3.5
921,1224,0.5
921,1231,0.5
921,1223,0.5
921,84,3.5
925,234,4.0
925,1,3.0
926,215,4.0
926,13,4.0
927,235,3.0
927,236,4.0
927,1,3.0
928,250,4.0
928,220,4.0
928,9,4.0
928,1,3.0
928,257,3.5
928,84,3.0
929,7,4.0
929,233,3.0
930,213,3.5
930,17,3.5
930,235,3.5
930,121,2.0
930,254,3.0
930,246,3.5
931,206,4.0
931,12,3.0
932,9,3.5
932,10,4.0
932,207,3.0
933,2,4.0
933,1,3.0
935,7,4.0
935,17,3.5
935,244,3.5
935,4,4.0
935,233,3.5
935,210,3.0
936,250,4.0
936,212,1.0
938,12,3.0
938,257,3.0
938,207,3.0
938,1235,0.5
938,1240,0.5
938,1242,0.5
938,1244,0.5
938,1246,0.5
938,1250,0.5
938,1253,3.0
939,7,4.0
939,1661,4.0
939,1663,0.5
940,236,4.0
940,11,4.0
942,217,4.0
942,239,4.0
942,13,4.0
942,1,3.0
942,6,3.5
944,213,3.5
944,241,3.5
944,7,4.0
944,211,4.0
944,3,3.0
944,257,3.5
945,235,3.5
945,239,4.0
945,244,3.0
945,207,4.0
945,233,3.5
946,2,4.0
946,217,4.0
946,212,1.0
946,246,2.5
946,248,3.5
946,247,3.5
947,250,4.0
947,213,2.5
947,206,4.0
947,235,3.5
947,236,4.0
947,234,4.0
947,205,3.5
947,10,4.0
947,252,4.0
947,257,3.0
947,207,3.5
947,253,1.0
947,749,2.5
947,342,4.0
947,1118,4.0
948,241,3.0
948,5,3.5
948,7,4.0
948,206,4.0
948,236,4.0
948,1,3.0
949,12,3.0
949,239,4.0
949,212,1.0
949,11,4.0
949,257,3.5
949,4,3.5
949,233,3.5
949,247,1.0
950,12,4.0
950,9,3.5
950,216,4.0
950,239,3.0
950,10,4.0
950,13,4.0
950,252,3.0
950,257,3.0
951,215,4.0
951,17,4.0
951,236,4.0
951,12,3.0
951,11,4.0
951,13,4.0
952,17,4.0
952,236,4.0
952,3,3.5
952,13,4.0
953,7,4.0
953,8,4.0
957,215,4.0
957,2,4.0
958,215,4.0
958,213,2.5
958,5,3.0
958,7,3.5
958,206,3.5
958,2,4.0
958,235,3.5
958,236,4.0
958,255,2.5
958,245,2.5
958,239,3.0
958,219,3.0
958,254,1.0
958,10,4.0
958,207,3.0
958,248,3.5
959,2,3.0
959,214,3.5
959,239,3.0
959,212,1.0
960,17,3.5
960,1431,0.5
962,7,4.0
962,205,3.5
962,207,3.0
963,769,0.5
963,478,3.5
963,597,1.5
963,1675,4.0
963,355,3.0
963,925,4.0
965,213,4.0
965,241,3.5
965,2,4.0
965,235,3.0
965,121,3.0
965,216,4.0
965,205,3.5
965,245,3.5
965,212,1.0
965,11,4.0
965,257,3.5
965,246,3.5
965,218,4.0
965,397,3.5
965,696,4.0
965,442,1.0
965,694,0.5
967,7,4.0
967,2,4.0
967,9,4.0
967,1,3.0
969,590,3.5
969,769,4.0
969,345,3.5
969,502,4.0
969,705,4.0
969,393,4.0
969,304,3.5
969,947,3.0
969,167,3.5
969,1598,4.0
969,274,0.5
969,798,4.0
969,1702,2.0
969,599,2.0
969,268,4.0
969,1724,3.5
969,295,4.0
969,370,3.5
969,429,3.5
969,861,0.5
969,908,3.0
969,1520,0.5
969,1685,0.5
969,1693,0.5
969,1697,0.5
969,1699,0.5
969,1700,0.5
969,1706,0.5
969,1708,0.5
969,1716,0.5
969,1721,0.5
969,1722,0.5
969,1727,0.5
969,1741,0.5
969,1742,0.5
969,1745,0.5
969,1752,0.5
969,1753,0.5
969,1757,0.5
969,1761,0.5
969,1763,0.5
970,121,4.0
970,234,4.0
970,219,4.0
970,249,4.0
971,213,2.5
971,7,4.0
971,17,3.5
971,217,4.0
971,245,2.5
971,11,4.0
971,207,3.0
971,249,4.0
972,215,4.0
972,5,3.0
972,7,4.0
972,220,4.0
972,236,4.0
972,9,3.5
972,245,3.5
972,256,4.0
973,7,4.0
973,17,4.0
973,236,4.0
976,215,4.0
977,207,3.0
977,8,4.0
978,12,3.0
978,509,3.5
979,206,2.5
979,1,3.5
980,7,4.0
980,11,4.0
981,5,3.0
981,7,4.0
981,3,4.0
981,212,1.0
981,254,3.0
981,11,4.0
981,257,3.5
981,210,3.5
982,9,3.5
982,216,4.0
982,205,4.0
982,245,3.5
982,219,3.0
982,11,4.0
982,210,3.0
982,243,3.0
984,7,4.0
984,121,3.0
984,239,3.0
984,219,3.0
984,212,1.0
984,84,3.5
985,213,3.5
985,2,4.0
987,213,4.0
987,241,3.5
987,7,4.0
987,236,4.0
987,234,4.0
987,244,3.5
987,13,4.0
987,207,3.0
987,248,3.5
987,249,3.0
987,256,3.5
987,243,3.0
988,215,4.0
988,220,2.0
988,2,4.0
988,235,3.5
988,216,4.0
988,211,4.0
988,205,3.5
988,214,3.5
988,233,3.5
988,6,2.5
988,243,3.0
988,247,3.0
989,205,3.0
989,219,4.0
989,11,4.0
989,4,4.0
989,207,3.0
989,8,3.0
989,565,4.0
989,1368,3.5
990,239,3.0
991,215,4.0
991,236,4.0
991,214,0.5
991,239,3.0
991,4,4.0
993,213,3.0
993,13,4.0
994,11,4.0
995,250,4.0
995,241,3.5
995,220,4.0
995,17,3.5
995,216,4.0
995,11,4.0
995,8,1.5
995,253,2.5
995,249,4.0
996,1,4.0
998,207,3.0
998,167,3.5
998,834,4.0
998,1769,0.5
998,1770,0.5
998,1780,0.5
999,17,3.5
999,219,3.5
999,10,4.0
999,689,3.5
999,253,3.5
999,247,3.0
1000,5,3.0
1000,206,3.0
1000,236,4.0
1000,12,4.0
1000,9,2.5
1000,216,4.0
1000,205,3.0
1000,214,3.5
1000,245,1.0
1000,252,3.0
1000,6,2.5
1001,251,1.5
1001,2,4.0
1001,236,4.0
1001,121,2.0
1001,234,4.0
1001,13,4.0
1001,257,3.0
1001,207,3.5
1001,8,1.5
1001,233,3.5
1001,84,3.0
1002,205,3.0
1002,219,4.0
1002,8,4.0
1002,589,4.0
1002,1754,2.5
1003,220,2.0
1003,9,3.0
1003,216,4.0
1003,234,4.0
1003,211,4.0
1003,214,3.5
1003,245,2.5
1003,239,3.0
1003,219,3.5
1003,11,4.0
1003,252,3.0
1003,8,3.0
1003,6,2.5
1003,253,1.5
1003,249,4.0
1004,12,3.0
1004,10,4.0
1004,8,2.5
1004,253,3.0
1004,243,3.0
1006,5,3.0
1006,206,4.0
1006,12,4.0
1006,234,4.0
1006,245,3.5
1006,13,4.0
1006,8,2.0
1006,253,2.5
1006,84,3.0
1006,243,3.0
1006,1551,0.5
1007,235,3.0
1007,236,4.0
1007,219,3.0
1007,207,3.0
1008,2,4.0
1008,234,4.0
1008,205,4.0
1008,1,4.0
1008,4,4.0
1009,215,4.0
1009,220,4.0
1009,4,3.5
1009,8,3.5
1010,215,4.0
1010,205,3.0
1010,1,4.0
1010,257,3.5
1011,9,4.0
1012,213,4.0
1012,13,4.0
1013,213,3.5
1013,9,4.0
1013,3,3.5
1013,13,4.0
1014,215,4.0
1014,213,2.5
1014,216,4.0
1014,219,3.0
1014,11,4.0
1015,9,4.0
1015,3,3.0
1017,572,4.0
1017,343,4.0
1018,2,4.0
1018,219,3.5
1018,278,3.5
1018,845,3.5
1018,1802,3.5
1018,1801,0.5
1019,213,3.0
1019,13,4.0
1019,8,4.0
1019,611,4.0
1019,1073,4.0
1019,1085,2.0
1019,1089,3.5
1020,10,3.0
1021,13,4.0
1022,251,1.5
1022,2,4.0
1022,245,3.5
1022,239,4.0
1022,254,1.0
1023,12,3.0
1023,11,4.0
1024,215,4.0
1024,206,3.5
1024,2,4.0
1024,121,2.0
1024,216,4.0
1024,10,4.0
1025,11,4.0
1027,3,3.0
1029,586,4.0
1030,11,4.0
1030,1,3.0
1030,207,3.5
1030,969,1.5
1033,533,2.5
1034,2,4.0
1034,211,4.0
1034,217,4.0
1034,1655,4.0
1034,903,0.5
1034,620,4.0
1034,465,3.5
1034,42,0.5
1034,303,3.5
1034,441,2.0
1034,863,0.5
1034,1103,0.5
1034,1119,0.5
1034,1415,0.5
1034,1812,0.5
1034,1825,0.5
1034,1827,0.5
1036,12,3.0
1037,8,4.0
1037,1340,4.0
1038,250,4.0
1038,241,3.0
1038,7,4.0
1038,211,4.0
1038,217,3.5
1038,205,2.0
1038,1,3.0
1038,252,3.0
1038,8,3.5
1038,233,3.5
1038,6,2.5
1038,246,2.5
1038,84,3.0
1038,249,4.0
1039,2,4.0
1039,254,4.0
1039,87,3.5
1039,1831,3.0
1039,340,3.0
1039,563,3.5
1039,1257,4.0
1039,267,0.5
1039,534,3.5
1039,1034,3.0
1039,167,3.5
1039,900,4.0
1039,240,2.5
1039,927,0.5
1039,1829,3.5
1039,1038,4.0
1039,1559,4.0
1039,839,4.0
1039,16,3.5
1039,41,0.5
1039,58,0.5
1039,105,0.5
1039,112,0.5
1039,135,2.0
1039,190,0.5
1039,259,4.0
1039,280,0.5
1039,1017,2.0
1039,1100,2.0
1039,1251,3.0
1039,1491,0.5
1040,207,3.5
1041,270,4.0
1041,706,4.0
1041,606,3.0
1041,266,4.0
1042,1695,4.0
1044,7,4.0
1045,17,3.0
1046,5,3.0
1046,121,2.0
1046,214,3.5
1046,239,3.0
1046,212,2.0
1046,254,3.0
1046,13,4.0
1046,210,3.0
1046,246,3.5
1047,17,3.5
1047,211,4.0
1047,3,3.0
1047,11,4.0
1047,13,4.0
1047,207,4.0
1048,245,3.5
1048,239,3.0
1048,10,4.0
1048,207,3.0
1049,220,4.0
