1050,241,0.5
1050,7,0.5
1050,206,0.5
1050,220,0.5
1050,17,0.5
1050,205,0.5
1050,4,0.5
1050,246,0.5
1050,243,0.5
1051,220,0.5
1051,17,0.5
1051,9,0.5
1052,9,0.5
1052,216,0.5
1052,255,0.5
1052,239,0.5
1052,254,0.5
1052,10,0.5
1055,215,0.5
1055,17,0.5
1055,13,0.5
1056,215,0.5
1056,213,0.5
1056,2,0.5
1056,217,0.5
1056,8,0.5
1057,17,0.5
1057,12,0.5
1060,15,0.5
1060,781,0.5
1060,1116,0.5
1060,391,0.5
1060,70,0.5
1060,1655,0.5
1060,1348,0.5
1061,252,0.5
1062,17,0.5
1062,205,0.5
1062,207,0.5
1064,213,0.5
1064,7,0.5
1064,211,0.5
1064,781,0.5
1064,501,0.5
1064,1392,0.5
1064,540,0.5
1064,455,0.5
1064,940,0.5
1065,9,0.5
1065,216,0.5
1065,257,0.5
1065,1237,0.5
1065,123,0.5
1065,352,0.5
1065,1837,0.5
1065,638,0.5
1065,719,0.5
1065,499,0.5
1066,235,0.5
1066,3,0.5
1067,2,0.5
1067,239,0.5
1067,212,0.5
1067,11,0.5
1067,4,0.5
1067,233,0.5
1068,17,0.5
1068,1542,0.5
1069,213,0.5
1069,7,0.5
1069,12,0.5
1069,217,0.5
1069,245,0.5
1069,219,0.5
1069,13,0.5
1071,250,0.5
1071,213,0.5
1071,7,0.5
1071,235,0.5
1071,254,0.5
1071,13,0.5
1071,253,0.5
1072,7,0.5
1072,235,0.5
1072,11,0.5
1072,207,0.5
1073,7,0.5
1073,245,0.5
1073,3,0.5
1073,212,0.5
1073,254,0.5
1073,13,0.5
1073,6,0.5
1073,246,0.5
1074,3,0.5
1075,9,0.5
1075,121,0.5
1075,211,0.5
1075,217,0.5
1075,239,0.5
1075,4,0.5
1076,4,0.5
1076,207,0.5
1077,251,0.5
1077,257,0.5
1077,248,0.5
1078,250,0.5
1078,5,0.5
1078,206,0.5
1078,255,0.5
1078,245,0.5
1078,13,0.5
1078,252,0.5
1078,233,0.5
1078,210,0.5
1079,7,0.5
1080,17,0.5
1080,245,0.5
1080,219,0.5
1080,212,0.5
1080,11,0.5
1080,13,0.5
1080,6,0.5
1080,246,0.5
1081,215,0.5
1081,5,0.5
1081,7,0.5
1081,214,0.5
1081,239,0.5
1081,219,0.5
1081,244,0.5
1081,257,0.5
1081,207,0.5
1081,8,0.5
1081,249,0.5
1081,247,0.5
1082,4,0.5
1082,233,0.5
1083,7,0.5
1083,12,0.5
1083,257,0.5
1083,207,0.5
1084,220,0.5
1084,2,0.5
1084,12,0.5
1085,251,0.5
1085,220,0.5
1085,12,0.5
1085,216,0.5
1085,3,0.5
1085,252,0.5
1085,4,0.5
1085,253,0.5
1086,235,0.5
1087,17,0.5
1087,236,0.5
1087,255,0.5
1087,219,0.5
1087,244,0.5
1087,210,0.5
1087,247,0.5
1088,251,0.5
1088,213,0.5
1088,7,0.5
1088,9,0.5
1088,205,0.5
1088,13,0.5
1088,207,0.5
1089,241,0.5
1089,220,0.5
1089,211,0.5
1089,10,0.5
1089,252,0.5
1089,257,0.5
1089,8,0.5
1089,248,0.5
1089,243,0.5
1090,215,0.5
1091,7,0.5
1091,1,0.5
1092,213,0.5
1092,255,0.5
1092,13,0.5
1094,215,0.5
1094,3,0.5
1094,4,0.5
1095,250,0.5
1095,236,0.5
1095,121,0.5
1095,234,0.5
1095,219,0.5
1095,11,0.5
1095,252,0.5
1095,257,0.5
1095,249,0.5
1096,250,0.5
1096,213,0.5
1096,236,0.5
1096,255,0.5
1096,239,0.5
1096,11,0.5
1096,4,0.5
1096,8,0.5
1096,243,0.5
1099,251,0.5
1099,206,0.5
1099,17,0.5
1099,236,0.5
1099,121,0.5
1099,254,0.5
1099,1,0.5
1100,5,0.5
1100,7,0.5
1100,9,0.5
1100,205,0.5
1100,10,0.5
1101,12,0.5
1101,239,0.5
1101,11,0.5
1101,706,0.5
1102,2,0.5
1102,1844,0.5
1103,13,0.5
1104,17,0.5
1104,763,0.5
1104,635,0.5
1104,627,0.5
1104,625,0.5
1104,646,0.5
1104,610,0.5
1104,644,0.5
1104,651,0.5
1104,630,0.5
1104,642,0.5
1104,480,0.5
1104,621,0.5
1105,213,0.5
1105,5,0.5
1105,3,0.5
1105,11,0.5
1108,5,0.5
1108,236,0.5
1108,9,0.5
1108,255,0.5
1108,3,0.5
1108,257,0.5
1108,207,0.5
1108,210,0.5
1109,214,0.5
1109,245,0.5
1109,239,0.5
1109,244,0.5
1109,4,0.5
1109,233,0.5
1109,210,0.5
1109,243,0.5
1110,17,0.5
1110,11,0.5
1111,4,0.5
1111,977,0.5
1111,1847,0.5
1111,388,0.5
1112,213,0.5
1112,219,0.5
1112,11,0.5
1112,1,0.5
1112,207,0.5
1113,4,0.5
1114,5,0.5
1114,12,0.5
1114,9,0.5
1114,11,0.5
1114,207,0.5
1114,6,0.5
1115,215,0.5
1115,236,0.5
1115,121,0.5
1115,3,0.5
1115,212,0.5
1115,254,0.5
1116,7,0.5
1116,254,0.5
1116,1,0.5
1116,253,0.5
1117,2,0.5
1118,250,0.5
1118,236,0.5
1118,13,0.5
1118,1,0.5
1120,213,0.5
1120,3,0.5
1120,10,0.5
1121,215,0.5
1121,241,0.5
1121,10,0.5
1121,13,0.5
1121,4,0.5
1121,207,0.5
1122,7,0.5
1122,17,0.5
1122,12,0.5
1122,9,0.5
1122,205,0.5
1122,239,0.5
1122,207,0.5
1122,246,0.5
1123,5,0.5
1123,2,0.5
1123,12,0.5
1123,8,0.5
1124,207,0.5
1124,253,0.5
1125,216,0.5
1125,255,0.5
1125,11,0.5
1126,215,0.5
1126,9,0.5
1126,255,0.5
1126,234,0.5
1126,217,0.5
1126,3,0.5
1126,11,0.5
1126,13,0.5
1126,1,0.5
1126,257,0.5
1126,233,0.5
1126,84,0.5
1127,7,0.5
1127,17,0.5
1127,235,0.5
1127,12,0.5
1127,3,0.5
1129,207,0.5
1130,215,0.5
1130,241,0.5
1130,7,0.5
1130,220,0.5
1130,9,0.5
1130,234,0.5
1130,217,0.5
1130,212,0.5
1130,252,0.5
1130,207,0.5
1130,248,0.5
1130,249,0.5
1130,256,0.5
1132,250,0.5
1132,5,0.5
1132,255,0.5
1132,245,0.5
1132,8,0.5
1133,241,0.5
1133,7,0.5
1133,9,0.5
1133,207,0.5
1133,278,0.5
1133,1831,0.5
1133,308,0.5
1133,539,0.5
1133,903,0.5
1135,7,0.5
1135,1,0.5
1137,7,0.5
1137,2,0.5
1138,215,0.5
1138,12,0.5
1138,214,0.5
1138,207,0.5
1138,246,0.5
1138,247,0.5
1139,250,0.5
1139,251,0.5
1139,213,0.5
1139,2,0.5
1139,12,0.5
1139,255,0.5
1139,239,0.5
1139,4,0.5
1139,233,0.5
1139,6,0.5
1139,256,0.5
1140,235,0.5
1140,9,0.5
1140,1,0.5
1140,233,0.5
1140,1852,0.5
1140,589,0.5
1141,17,0.5
1141,9,0.5
1141,3,0.5
1141,10,0.5
1142,241,0.5
1142,17,0.5
1142,235,0.5
1142,121,0.5
1142,216,0.5
1142,13,0.5
1142,252,0.5
1142,210,0.5
1142,246,0.5
1143,17,0.5
1143,236,0.5
1143,9,0.5
1143,255,0.5
1144,5,0.5
1144,206,0.5
1144,235,0.5
1144,12,0.5
1144,121,0.5
1144,216,0.5
1144,234,0.5
1144,211,0.5
1144,212,0.5
1144,244,0.5
1144,13,0.5
1144,246,0.5
1144,253,0.5
1144,243,0.5
1145,7,0.5
1145,17,0.5
1146,215,0.5
1146,206,0.5
1146,220,0.5
1146,9,0.5
1146,211,0.5
1146,245,0.5
1146,254,0.5
1146,1,0.5
1146,207,0.5
1146,243,0.5
1147,207,0.5
1147,391,0.5
1147,270,0.5
1147,589,0.5
1147,958,0.5
1147,830,0.5
1147,847,0.5
1147,598,0.5
1147,944,0.5
1147,680,0.5
1147,968,0.5
1147,747,0.5
1147,810,0.5
1148,5,0.5
1148,17,0.5
1148,12,0.5
1148,121,0.5
1148,3,0.5
1148,212,0.5
1148,244,0.5
1148,207,0.5
1148,233,0.5
1148,84,0.5
1148,256,0.5
1148,247,0.5
1149,17,0.5
1149,2,0.5
1149,10,0.5
1149,675,0.5
1149,447,0.5
1149,1405,0.5
1149,1398,0.5
1149,307,0.5
1149,434,0.5
1149,676,0.5
1150,236,0.5
1150,11,0.5
1150,257,0.5
1150,84,0.5
1152,241,0.5
1152,235,0.5
1152,217,0.5
1152,245,0.5
1152,219,0.5
1152,10,0.5
1152,13,0.5
1152,207,0.5
1152,233,0.5
1152,246,0.5
1152,84,0.5
1153,250,0.5
1153,7,0.5
1153,206,0.5
1153,12,0.5
1153,234,0.5
1153,10,0.5
1153,13,0.5
1153,1,0.5
1153,233,0.5
1153,781,0.5
1153,717,0.5
1153,805,0.5
1153,977,0.5
1153,347,0.5
1153,256,0.5
1153,388,0.5
1153,699,0.5
1153,847,0.5
1153,1198,0.5
1153,676,0.5
1153,620,0.5
1153,1026,0.5
1153,402,0.5
1153,419,0.5
1153,470,0.5
1153,457,0.5
1153,485,0.5
1153,705,0.5
1153,438,0.5
1154,215,0.5
1154,11,0.5
1154,10,0.5
1155,251,0.5
1155,5,0.5
1155,17,0.5
1155,12,0.5
1155,121,0.5
1155,217,0.5
1155,3,0.5
1155,212,0.5
1155,243,0.5
1156,213,0.5
1156,7,0.5
1156,12,0.5
1156,211,0.5
1156,217,0.5
1157,213,0.5
1157,5,0.5
1157,7,0.5
1157,206,0.5
1157,499,0.5
1157,699,0.5
1157,434,0.5
1157,486,0.5
1157,1109,0.5
1157,31,0.5
1157,1860,0.5
1157,806,0.5
1158,250,0.5
1158,213,0.5
1158,7,0.5
1158,236,0.5
1158,205,0.5
1158,239,0.5
1158,11,0.5
1158,253,0.5
1159,215,0.5
1159,241,0.5
1159,206,0.5
1159,17,0.5
1159,236,0.5
1159,255,0.5
1159,234,0.5
1159,205,0.5
1159,219,0.5
1159,10,0.5
1159,252,0.5
1159,207,0.5
1159,210,0.5
1159,253,0.5
1159,256,0.5
1159,734,0.5
1161,213,0.5
1161,245,0.5
1161,4,0.5
1161,207,0.5
1161,233,0.5
1162,9,0.5
1162,216,0.5
1162,239,0.5
1162,207,0.5
1162,247,0.5
1162,478,0.5
1162,127,0.5
1162,955,0.5
1163,2,0.5
1163,1865,0.5
1164,7,0.5
1164,2,0.5
1164,216,0.5
1164,234,0.5
1164,13,0.5
1164,1,0.5
1164,494,0.5
1164,347,0.5
1164,1171,0.5
1165,235,0.5
1165,210,0.5
1167,215,0.5
1167,250,0.5
1167,7,0.5
1167,17,0.5
1167,235,0.5
1167,255,0.5
1167,1,0.5
1167,6,0.5
1168,236,0.5
1169,207,0.5
1170,215,0.5
1173,235,0.5
1173,214,0.5
1173,254,0.5
1173,362,0.5
1173,1641,0.5
1173,1867,0.5
1173,1868,0.5
1173,1870,0.5
1173,1881,0.5
1173,1884,0.5
1174,299,0.5
1175,251,0.5
1175,7,0.5
1175,17,0.5
1175,235,0.5
1175,255,0.5
1175,234,0.5
1175,217,0.5
1175,212,0.5
1175,254,0.5
1175,13,0.5
1175,257,0.5
1175,4,0.5
1175,210,0.5
1175,84,0.5
1175,243,0.5
1175,247,0.5
1176,588,0.5
1178,210,0.5
1180,7,0.5
1180,499,0.5
1180,715,0.5
1180,410,0.5
1182,10,0.5
1182,13,0.5
1183,251,0.5
1183,7,0.5
1183,220,0.5
1183,4,0.5
1183,207,0.5
1183,1448,0.5
1184,213,0.5
1184,220,0.5
1184,121,0.5
1184,239,0.5
1184,13,0.5
1185,292,0.5
1186,241,0.5
1186,235,0.5
1187,206,0.5
1187,220,0.5
1187,236,0.5
1187,12,0.5
1187,255,0.5
1187,244,0.5
1187,1,0.5
1187,207,0.5
1187,866,0.5
1187,607,0.5
1187,1836,0.5
1187,638,0.5
1187,799,0.5
1187,318,0.5
1187,738,0.5
1187,510,0.5
1187,432,0.5
1187,617,0.5
1187,436,0.5
1187,702,0.5
1187,410,0.5
1187,591,0.5
1187,189,0.5
1187,1890,0.5
1187,1599,0.5
1187,1006,0.5
1187,1060,0.5
1187,310,0.5
1187,550,0.5
1187,1901,0.5
1187,722,0.5
1187,1385,0.5
1187,1652,0.5
1187,1194,0.5
1187,1628,0.5
1187,1440,0.5
1187,947,0.5
1187,1784,0.5
1187,1909,0.5
1187,761,0.5
1187,1916,0.5
1187,1917,0.5
1187,1920,0.5
1187,1924,0.5
1187,132,0.5
1187,301,0.5
1188,241,0.5
1188,7,0.5
1188,9,0.5
1188,255,0.5
1188,211,0.5
1188,217,0.5
1188,13,0.5
1189,3,0.5
1189,219,0.5
1189,1,0.5
1189,6,0.5
1190,13,0.5
1191,10,0.5
1192,7,0.5
1193,215,0.5
1193,220,0.5
1193,236,0.5
1193,9,0.5
1193,216,0.5
1193,239,0.5
1193,219,0.5
1193,254,0.5
1193,207,0.5
1193,8,0.5
1193,233,0.5
1193,210,0.5
1193,249,0.5
1194,12,0.5
1194,103,0.5
1195,2,0.5
1196,7,0.5
1197,213,0.5
1197,211,0.5
1198,215,0.5
1198,216,0.5
1198,255,0.5
1198,234,0.5
1198,212,0.5
1198,10,0.5
1198,249,0.5
1199,241,0.5
1199,12,0.5
1199,217,0.5
1199,245,0.5
1199,239,0.5
1199,3,0.5
1199,11,0.5
1199,13,0.5
1199,1,0.5
1199,252,0.5
1199,1116,0.5
1199,880,0.5
1199,638,0.5
1199,84,0.5
1199,248,0.5
1199,256,0.5
1199,313,0.5
1199,847,0.5
1199,1183,0.5
1199,275,0.5
1199,442,0.5
1199,343,0.5
1199,1605,0.5
1200,220,0.5
1200,236,0.5
1200,9,0.5
1200,8,0.5
1200,1442,0.5
1200,837,0.5
1200,348,0.5
1200,1930,0.5
1201,5,0.5
1201,7,0.5
1201,220,0.5
1201,245,0.5
1201,212,0.5
1201,233,0.5
1201,253,0.5
1201,84,0.5
1201,1932,0.5
1202,241,0.5
1202,12,0.5
1202,121,0.5
1202,214,0.5
1202,239,0.5
1202,212,0.5
1202,254,0.5
1202,13,0.5
1202,1,0.5
1202,257,0.5
1202,207,0.5
1202,8,0.5
1202,249,0.5
1203,17,0.5
1203,234,0.5
1203,8,0.5
1204,254,0.5
1205,9,0.5
1205,11,0.5
1206,5,0.5
1207,241,0.5
1208,592,0.5
1208,512,0.5
1208,746,0.5
1208,1275,0.5
1208,1018,0.5
1209,213,0.5
1209,241,0.5
1209,121,0.5
1209,217,0.5
1209,245,0.5
1209,4,0.5
1209,8,0.5
1209,246,0.5
1209,84,0.5
1209,243,0.5
1212,257,0.5
1212,4,0.5
1212,207,0.5
1212,805,0.5
1212,453,0.5
1212,167,0.5
1212,1128,0.5
1212,1938,0.5
1212,1606,0.5
1212,170,0.5
1212,1618,0.5
1212,1943,0.5
1212,1610,0.5
1212,1616,0.5
1212,1619,0.5
1212,1033,0.5
1212,1949,0.5
1212,1615,0.5
1213,7,0.5
1213,234,0.5
1214,11,0.5
1215,10,0.5
1216,11,0.5
1216,13,0.5
1217,7,0.5
1217,207,0.5
1218,250,0.5
1218,17,0.5
1218,121,0.5
1218,211,0.5
1218,217,0.5
1218,239,0.5
1218,254,0.5
1218,11,0.5
1218,13,0.5
1218,1,0.5
1218,257,0.5
1218,6,0.5
1218,210,0.5
1218,256,0.5
1218,247,0.5
1219,213,0.5
1220,2,0.5
1220,234,0.5
1220,3,0.5
1220,212,0.5
1220,13,0.5
1221,3,0.5
1222,214,0.5
1222,1,0.5
1223,220,0.5
1223,13,0.5
1223,1054,0.5
1223,1199,0.5
1224,257,0.5
1225,7,0.5
1225,206,0.5
1225,220,0.5
1225,12,0.5
1225,9,0.5
1225,216,0.5
1225,255,0.5
1225,234,0.5
1225,205,0.5
1225,214,0.5
1225,254,0.5
1225,1,0.5
1225,4,0.5
1225,8,0.5
1225,246,0.5
1225,248,0.5
1225,243,0.5
1226,250,0.5
1226,17,0.5
1226,2,0.5
1226,12,0.5
1226,9,0.5
1226,211,0.5
1226,11,0.5
1226,244,0.5
1226,10,0.5
1226,257,0.5
1226,248,0.5
1226,249,0.5
1226,256,0.5
1226,243,0.5
1228,250,0.5
1228,251,0.5
1228,3,0.5
1228,1,0.5
1228,4,0.5
1228,243,0.5
1228,247,0.5
1229,250,0.5
1229,241,0.5
1229,236,0.5
1229,246,0.5
1229,1597,0.5
1230,241,0.5
1230,206,0.5
1230,220,0.5
1230,17,0.5
1230,2,0.5
1230,12,0.5
1230,214,0.5
1230,245,0.5
1230,11,0.5
1230,257,0.5
1230,6,0.5
1230,256,0.5
1230,247,0.5
1231,241,0.5
1231,9,0.5
1231,8,0.5
1232,7,0.5
1232,12,0.5
1232,207,0.5
1233,10,0.5
1234,213,0.5
1234,7,0.5
1234,214,0.5
1234,207,0.5
1234,8,0.5
1235,241,0.5
1235,7,0.5
1235,220,0.5
1235,121,0.5
1235,234,0.5
1235,217,0.5
1235,3,0.5
1235,219,0.5
1235,11,0.5
1235,13,0.5
1235,207,0.5
1235,249,0.5
1235,243,0.5
1235,247,0.5
1236,217,0.5
1236,3,0.5
1236,10,0.5
1236,256,0.5
1237,1711,0.5
1238,215,0.5
1238,5,0.5
1238,12,0.5
1238,211,0.5
1238,245,0.5
1238,239,0.5
1238,254,0.5
1238,11,0.5
1238,244,0.5
1238,10,0.5
1238,1,0.5
1238,246,0.5
1239,9,0.5
1239,216,0.5
1239,205,0.5
1239,8,0.5
1239,233,0.5
1241,215,0.5
1241,12,0.5
1241,216,0.5
1241,234,0.5
1241,211,0.5
1241,214,0.5
1241,239,0.5
1241,219,0.5
1241,212,0.5
1241,254,0.5
1241,1,0.5
1241,4,0.5
1241,247,0.5
1242,11,0.5
1243,7,0.5
1243,235,0.5
1243,12,0.5
1243,1,0.5
1244,9,0.5
1244,254,0.5
1244,207,0.5
1244,278,0.5
1244,1955,0.5
1244,1019,0.5
1244,1357,0.5
1245,13,0.5
1246,7,0.5
1246,235,0.5
1246,205,0.5
1246,244,0.5
1246,10,0.5
1246,252,0.5
1246,207,0.5
1246,8,0.5
1246,233,0.5
1248,215,0.5
1248,236,0.5
1248,252,0.5
1249,215,0.5
1249,7,0.5
1249,206,0.5
1249,220,0.5
1249,2,0.5
1249,219,0.5
1249,207,0.5
1249,585,0.5
1249,243,0.5
1249,170,0.5
1249,1959,0.5
1249,1960,0.5
1249,395,0.5
1249,25,0.5
1249,40,0.5
1249,128,0.5
1249,464,0.5
1249,1571,0.5
1249,1967,0.5
1249,125,0.5
1250,213,0.5
1250,5,0.5
1250,216,0.5
1250,211,0.5
1251,17,0.5
1251,84,0.5
1252,215,0.5
1252,216,0.5
1252,211,0.5
1252,217,0.5
1252,3,0.5
1252,13,0.5
1252,1,0.5
1252,252,0.5
1252,257,0.5
1252,253,0.5
1252,84,0.5
1254,7,0.5
1254,2,0.5
1254,255,0.5
1254,234,0.5
1254,205,0.5
1254,239,0.5
1254,3,0.5
1254,254,0.5
1254,11,0.5
1254,207,0.5
1254,256,0.5
1255,235,0.5
1255,234,0.5
1255,219,0.5
1255,425,0.5
1255,968,0.5
1257,241,0.5
1257,7,0.5
1257,234,0.5
1257,13,0.5
1257,8,0.5
1257,210,0.5
1257,253,0.5
1257,243,0.5
1258,215,0.5
1258,213,0.5
1258,205,0.5
1258,3,0.5
1258,212,0.5
1258,13,0.5
1258,1,0.5
1258,1481,0.5
1259,235,0.5
1259,257,0.5
1261,5,0.5
1261,12,0.5
1261,121,0.5
1261,234,0.5
1261,205,0.5
1261,214,0.5
1261,13,0.5
1261,252,0.5
1261,257,0.5
1262,215,0.5
1262,213,0.5
1262,2,0.5
1262,13,0.5
1263,251,0.5
1263,206,0.5
1263,235,0.5
1263,214,0.5
1263,245,0.5
1263,212,0.5
1263,254,0.5
1263,244,0.5
1263,246,0.5
1265,11,0.5
1267,215,0.5
1267,5,0.5
1267,17,0.5
1267,205,0.5
1267,214,0.5
1267,13,0.5
1268,7,0.5
1268,17,0.5
1269,241,0.5
1269,236,0.5
1269,1971,0.5
1270,2,0.5
1270,11,0.5
1271,255,0.5
1271,217,0.5
1271,219,0.5
1271,233,0.5
1271,246,0.5
1272,215,0.5
1272,7,0.5
1272,2,0.5
1272,236,0.5
1272,207,0.5
1273,213,0.5
1273,5,0.5
1273,205,0.5
1274,215,0.5
1274,251,0.5
1274,213,0.5
1274,220,0.5
1274,235,0.5
1274,236,0.5
1274,121,0.5
1274,216,0.5
1274,234,0.5
1274,211,0.5
1274,219,0.5
1274,10,0.5
1274,13,0.5
1274,210,0.5
1274,249,0.5
1277,2,0.5
1277,236,0.5
1278,10,0.5
1278,13,0.5
1278,745,0.5
1279,5,0.5
1279,7,0.5
1279,206,0.5
1279,234,0.5
1279,245,0.5
1279,257,0.5
1279,8,0.5
1279,249,0.5
1279,243,0.5
1280,206,0.5
1280,249,0.5
1281,12,0.5
1281,84,0.5
1282,7,0.5
1282,255,0.5
1283,251,0.5
1283,213,0.5
1283,121,0.5
1283,216,0.5
1283,205,0.5
1283,244,0.5
1283,1,0.5
1283,253,0.5
1283,84,0.5
1283,247,0.5
1284,5,0.5
1284,17,0.5
1284,236,0.5
1284,12,0.5
1284,234,0.5
1284,254,0.5
1284,11,0.5
1285,215,0.5
1286,2,0.5
1286,121,0.5
1286,216,0.5
1286,211,0.5
1286,212,0.5
1286,13,0.5
1286,1,0.5
1286,233,0.5
1287,213,0.5
1287,5,0.5
1287,9,0.5
1287,11,0.5
1288,215,0.5
1288,250,0.5
1288,6,0.5
1288,253,0.5
1288,597,0.5
1288,431,0.5
1288,1801,0.5
1288,1203,0.5
1289,215,0.5
1289,241,0.5
1289,235,0.5
1289,234,0.5
1289,10,0.5
1289,253,0.5
1289,243,0.5
1289,267,0.5
1290,236,0.5
1290,11,0.5
1291,216,0.5
1291,234,0.5
1291,3,0.5
1292,250,0.5
1292,241,0.5
1292,220,0.5
1292,12,0.5
1292,121,0.5
1292,211,0.5
1292,254,0.5
1292,11,0.5
1292,6,0.5
1292,210,0.5
1292,84,0.5
1292,256,0.5
1292,243,0.5
1293,251,0.5
1293,12,0.5
1293,245,0.5
1293,11,0.5
1294,253,0.5
1295,250,0.5
1295,121,0.5
1295,216,0.5
1295,214,0.5
1295,254,0.5
1295,13,0.5
1295,210,0.5
1295,246,0.5
1295,256,0.5
1296,215,0.5
1296,7,0.5
1296,255,0.5
1296,219,0.5
1296,8,0.5
1297,211,0.5
1297,239,0.5
1297,1590,0.5
1297,1978,0.5
1299,17,0.5
1299,13,0.5
1299,406,0.5
1299,545,0.5
1299,1513,0.5
1299,1362,0.5
1300,215,0.5
1300,5,0.5
1300,9,0.5
1300,216,0.5
1300,205,0.5
1300,245,0.5
1300,239,0.5
1300,11,0.5
1300,247,0.5
1301,246,0.5
1301,256,0.5
1302,215,0.5
1302,241,0.5
1302,5,0.5
1302,7,0.5
1302,12,0.5
1302,234,0.5
1302,217,0.5
1302,205,0.5
1302,219,0.5
1302,10,0.5
1302,13,0.5
1302,1,0.5
1302,4,0.5
1302,8,0.5
1302,253,0.5
1304,215,0.5
1304,7,0.5
1304,206,0.5
1304,12,0.5
1304,121,0.5
1304,3,0.5
1304,1,0.5
1304,6,0.5
1305,4,0.5
1305,793,0.5
1307,206,0.5
1307,12,0.5
1307,9,0.5
1307,257,0.5
1307,207,0.5
1307,1982,0.5
1308,250,0.5
1308,7,0.5
1308,255,0.5
1308,217,0.5
1308,205,0.5
1308,214,0.5
1308,3,0.5
1310,206,0.5
1310,235,0.5
1310,1,0.5
1310,207,0.5
1311,7,0.5
1311,219,0.5
1311,11,0.5
1311,1,0.5
1312,207,0.5
1315,215,0.5
1315,10,0.5
1316,254,0.5
1317,220,0.5
1317,13,0.5
1317,1,0.5
1318,216,0.5
1318,234,0.5
1318,217,0.5
1318,205,0.5
1318,214,0.5
1318,239,0.5
1318,219,0.5
1318,11,0.5
1318,248,0.5
1319,7,0.5
1319,207,0.5
1321,4,0.5
1324,250,0.5
1324,216,0.5
1325,12,0.5
1325,255,0.5
1325,239,0.5
1325,11,0.5
1325,207,0.5
1325,549,0.5
1326,9,0.5
1327,17,0.5
1327,3,0.5
1328,213,0.5
1328,7,0.5
1328,313,0.5
1328,1340,0.5
1329,17,0.5
1329,10,0.5
1329,207,0.5
1329,253,0.5
1330,1556,0.5
1332,251,0.5
1332,252,0.5
1333,241,0.5
1333,211,0.5
1333,217,0.5
1333,205,0.5
1333,4,0.5
1333,905,0.5
1333,563,0.5
1333,1198,0.5
1333,1945,0.5
1333,1054,0.5
1333,1057,0.5
1333,1987,0.5
1333,1732,0.5
1333,1992,0.5
1333,1995,0.5
1333,493,0.5
1333,1998,0.5
1333,1999,0.5
1333,2003,0.5
1333,358,0.5
1333,928,0.5
1333,1649,0.5
1334,7,0.5
1334,257,0.5
1335,241,0.5
1335,5,0.5
1335,2,0.5
1335,12,0.5
1335,214,0.5
1335,254,0.5
1335,11,0.5
1335,4,0.5
1336,11,0.5
1336,958,0.5
1336,1481,0.5
1336,332,0.5
1336,1766,0.5
1336,2026,0.5
1336,2029,0.5
1336,2030,0.5
1336,2031,0.5
1338,251,0.5
1338,217,0.5
1338,214,0.5
1338,8,0.5
1338,246,0.5
1338,84,0.5
1338,249,0.5
1340,236,0.5
1341,239,0.5
1341,10,0.5
1342,251,0.5
1342,7,0.5
1342,206,0.5
1342,17,0.5
1342,2,0.5
1342,12,0.5
1342,255,0.5
1342,217,0.5
1342,1,0.5
1342,233,0.5
1342,659,0.5
1343,251,0.5
1343,2,0.5
1343,239,0.5
1343,11,0.5
1343,4,0.5
1343,253,0.5
1344,477,0.5
1344,258,0.5
1345,219,0.5
1345,1,0.5
1345,6,0.5
1346,12,0.5
1347,5,0.5
1347,17,0.5
1347,236,0.5
1347,216,0.5
1347,239,0.5
1347,207,0.5
1348,215,0.5
1348,17,0.5
1348,8,0.5
1349,215,0.5
1349,13,0.5
1350,245,0.5
1350,13,0.5
1350,253,0.5
1350,84,0.5
1351,8,0.5
1352,206,0.5
1352,220,0.5
1352,12,0.5
1352,9,0.5
1352,11,0.5
1352,257,0.5
1352,84,0.5
1352,249,0.5
1352,256,0.5
1353,2,0.5
1354,3,0.5
1354,13,0.5
1354,1,0.5
1355,17,0.5
1355,12,0.5
1355,239,0.5
1355,254,0.5
1355,207,0.5
1355,593,0.5
1356,215,0.5
1356,10,0.5
1356,13,0.5
1357,397,0.5
1357,709,0.5
1357,716,0.5
1357,522,0.5
1359,207,0.5
1359,8,0.5
1359,434,0.5
1359,2032,0.5
1360,477,0.5
1361,250,0.5
1361,251,0.5
1361,206,0.5
1361,236,0.5
1361,12,0.5
1361,219,0.5
1361,257,0.5
1361,246,0.5
1361,512,0.5
1362,215,0.5
1362,236,0.5
1363,250,0.5
1363,251,0.5
1363,213,0.5
1363,241,0.5
1363,5,0.5
1363,206,0.5
1363,216,0.5
1363,254,0.5
1363,13,0.5
1363,210,0.5
1363,243,0.5
1364,3,0.5
1366,2,0.5
1366,9,0.5
1366,217,0.5
1366,219,0.5
1366,257,0.5
1366,253,0.5
1367,12,0.5
1367,9,0.5
1367,121,0.5
1367,216,0.5
1367,255,0.5
1367,219,0.5
1367,13,0.5
1367,6,0.5
1368,1,0.5
1369,7,0.5
1369,239,0.5
1370,241,0.5
1370,12,0.5
1370,216,0.5
1370,219,0.5
1370,10,0.5
1370,13,0.5
1370,257,0.5
1370,8,0.5
1370,233,0.5
1370,6,0.5
1370,248,0.5
1370,243,0.5
1372,17,0.5
1372,211,0.5
1372,1,0.5
1373,13,0.5
1374,7,0.5
1375,220,0.5
1375,236,0.5
1375,9,0.5
1375,121,0.5
1375,211,0.5
1375,214,0.5
1375,245,0.5
1375,239,0.5
1375,3,0.5
1375,252,0.5
1375,207,0.5
1375,253,0.5
1375,247,0.5
1378,215,0.5
1378,7,0.5
1378,2,0.5
1378,9,0.5
1378,205,0.5
1378,219,0.5
1378,4,0.5
1378,8,0.5
1379,234,0.5
1382,7,0.5
1382,234,0.5
1382,219,0.5
1382,252,0.5
1382,257,0.5
1382,247,0.5
1382,922,0.5
1383,17,0.5
1383,11,0.5
1383,13,0.5
1383,343,0.5
1385,215,0.5
1385,235,0.5
1385,255,0.5
1385,205,0.5
1385,212,0.5
1385,10,0.5
1385,13,0.5
1385,249,0.5
1385,247,0.5
1386,17,0.5
1386,236,0.5
1386,10,0.5
1386,4,0.5
1386,207,0.5
1386,696,0.5
1386,753,0.5
1386,91,0.5
1386,31,0.5
1386,1862,0.5
1386,732,0.5
1386,73,0.5
1386,104,0.5
1386,828,0.5
1386,813,0.5
1386,838,0.5
1386,83,0.5
1387,2,0.5
1387,236,0.5
1387,3,0.5
1387,496,0.5
1388,251,0.5
1388,236,0.5
1388,216,0.5
1388,11,0.5
1388,244,0.5
1388,207,0.5
1388,210,0.5
1390,257,0.5
1390,4,0.5
1390,233,0.5
1392,12,0.5
1393,213,0.5
1393,5,0.5
1393,220,0.5
1393,2,0.5
1393,236,0.5
1393,216,0.5
1393,254,0.5
1393,252,0.5
1393,233,0.5
1393,246,0.5
1393,249,0.5
1393,243,0.5
1394,17,0.5
1394,270,0.5
1396,250,0.5
1396,213,0.5
1396,2,0.5
1396,216,0.5
1396,234,0.5
1396,257,0.5
1396,242,0.5
1396,84,0.5
1398,246,0.5
1398,218,0.5
1398,585,0.5
1398,478,0.5
1398,318,0.5
1398,512,0.5
1398,432,0.5
1398,716,0.5
1398,509,0.5
1398,490,0.5
1398,522,0.5
1398,274,0.5
1398,948,0.5
1398,770,0.5
1398,564,0.5
1398,2042,0.5
1399,12,0.5
1399,9,0.5
1399,216,0.5
1399,207,0.5
1399,246,0.5
1401,215,0.5
1402,2,0.5
1402,926,0.5
1402,554,0.5
1402,779,0.5
1402,2044,0.5
1404,11,0.5
1405,205,0.5
1406,7,0.5
1406,235,0.5
1406,477,0.5
1406,447,0.5
1406,333,0.5
1406,1118,0.5
1406,327,0.5
1406,328,0.5
1406,557,0.5
1406,1082,0.5
1407,1527,0.5
1407,1533,0.5
1409,5,0.5
1409,219,0.5
1409,10,0.5
1411,215,0.5
1412,5,0.5
1414,220,0.5
1414,235,0.5
1414,236,0.5
1414,12,0.5
1414,11,0.5
1414,13,0.5
1414,1,0.5
1414,4,0.5
1414,8,0.5
1414,256,0.5
1414,243,0.5
1415,5,0.5
1415,234,0.5
1415,2047,0.5
1416,241,0.5
1416,17,0.5
1416,216,0.5
1416,234,0.5
1416,3,0.5
1416,13,0.5
1416,1,0.5
1416,4,0.5
1416,1299,0.5
1417,206,0.5
1417,218,0.5
1417,607,0.5
1417,352,0.5
1417,432,0.5
1418,347,0.5
1418,1198,0.5
1418,1594,0.5
1418,268,0.5
1419,216,0.5
1420,251,0.5
1420,5,0.5
1420,11,0.5
1420,244,0.5
1420,13,0.5
1420,8,0.5
1420,247,0.5
1422,236,0.5
1423,235,0.5
1423,245,0.5
1423,212,0.5
1423,252,0.5
1423,4,0.5
1423,233,0.5
1424,246,0.5
1425,241,0.5
1425,12,0.5
1425,255,0.5
1425,3,0.5
1425,254,0.5
1425,244,0.5
1425,1,0.5
1425,210,0.5
1425,246,0.5
1425,256,0.5
1426,213,0.5
1426,17,0.5
1426,9,0.5
1426,10,0.5
1428,215,0.5
1428,213,0.5
1428,241,0.5
1428,9,0.5
1428,245,0.5
1428,239,0.5
1428,212,0.5
1428,254,0.5
1428,11,0.5
1428,252,0.5
1428,257,0.5
1428,84,0.5
1428,249,0.5
1429,213,0.5
1429,17,0.5
1429,9,0.5
1429,10,0.5
1429,13,0.5
1429,84,0.5
1430,215,0.5
1430,214,0.5
1430,254,0.5
1430,4,0.5
1430,233,0.5
1430,6,0.5
1431,213,0.5
1431,10,0.5
1432,2,0.5
1432,219,0.5
1432,13,0.5
1432,584,0.5
1432,490,0.5
1433,7,0.5
1434,2,0.5
1434,121,0.5
1435,9,0.5
1435,4,0.5
1435,391,0.5
1435,157,0.5
1437,347,0.5
1437,847,0.5
1437,1876,0.5
1437,528,0.5
1437,842,0.5
1437,1123,0.5
1437,291,0.5
1438,206,0.5
1438,2,0.5
1438,205,0.5
1438,214,0.5
1438,245,0.5
1438,3,0.5
1438,13,0.5
1438,1,0.5
1438,257,0.5
1438,8,0.5
1438,6,0.5
1438,210,0.5
1438,246,0.5
1438,84,0.5
1439,236,0.5
1439,9,0.5
1439,234,0.5
1439,84,0.5
1440,5,0.5
1440,17,0.5
1440,216,0.5
1440,3,0.5
1440,1,0.5
1440,253,0.5
1442,17,0.5
1443,206,0.5
1443,9,0.5
1443,207,0.5
1443,293,0.5
1444,215,0.5
1444,7,0.5
1444,12,0.5
1444,245,0.5
1444,249,0.5
1445,257,0.5
1446,215,0.5
1446,220,0.5
1446,216,0.5
1446,207,0.5
1448,250,0.5
1448,7,0.5
1448,206,0.5
1448,216,0.5
1448,217,0.5
1448,245,0.5
1448,239,0.5
1448,13,0.5
1448,257,0.5
1448,248,0.5
1450,9,0.5
1450,211,0.5
1450,10,0.5
1451,5,0.5
1451,17,0.5
1451,121,0.5
1451,211,0.5
1451,239,0.5
1451,10,0.5
1451,249,0.5
1451,247,0.5
1451,2051,0.5
1452,7,0.5
1452,17,0.5
1452,219,0.5
1452,207,0.5
1452,1036,0.5
1452,2053,0.5
1453,250,0.5
1453,213,0.5
1453,235,0.5
1453,12,0.5
1453,9,0.5
1453,211,0.5
1453,217,0.5
1453,205,0.5
1453,219,0.5
1453,207,0.5
1453,248,0.5
1454,7,0.5
1454,12,0.5
1454,214,0.5
1454,245,0.5
1454,13,0.5
1454,8,0.5
1454,210,0.5
1454,248,0.5
1454,249,0.5
1454,243,0.5
1454,247,0.5
1455,207,0.5
1457,250,0.5
1457,251,0.5
1457,213,0.5
1457,241,0.5
1457,206,0.5
1457,2,0.5
1457,12,0.5
1457,234,0.5
1457,205,0.5
1457,212,0.5
1457,11,0.5
1457,243,0.5
1457,247,0.5
1458,17,0.5
1458,12,0.5
1458,245,0.5
1458,244,0.5
1458,257,0.5
1458,6,0.5
1458,247,0.5
1459,215,0.5
1459,10,0.5
1459,658,0.5
1459,1655,0.5
1459,273,0.5
1460,215,0.5
1460,7,0.5
1460,2,0.5
1460,217,0.5
1460,205,0.5
1460,214,0.5
1460,239,0.5
1460,244,0.5
1460,13,0.5
1460,257,0.5
1460,8,0.5
1460,246,0.5
1460,243,0.5
1461,220,0.5
1461,2,0.5
1461,235,0.5
1461,219,0.5
1461,1,0.5
1461,233,0.5
1461,246,0.5
1461,256,0.5
1461,243,0.5
1462,2,0.5
1462,235,0.5
1462,12,0.5
1462,216,0.5
1462,217,0.5
1462,205,0.5
1462,245,0.5
1462,1,0.5
1462,252,0.5
1462,233,0.5
1462,253,0.5
1462,84,0.5
1462,248,0.5
1463,11,0.5
1464,241,0.5
1464,2,0.5
1464,12,0.5
1464,211,0.5
1464,3,0.5
1464,219,0.5
1464,13,0.5
1464,207,0.5
1464,247,0.5
1465,216,0.5
1465,249,0.5
1466,17,0.5
1466,211,0.5
1466,205,0.5
1466,207,0.5
1467,215,0.5
1467,7,0.5
1467,206,0.5
1467,220,0.5
1467,211,0.5
1467,11,0.5
1467,244,0.5
1467,207,0.5
1467,243,0.5
1468,241,0.5
1468,236,0.5
1468,675,0.5
1468,940,0.5
1468,585,0.5
1468,550,0.5
1468,1294,0.5
1468,398,0.5
1469,239,0.5
1469,252,0.5
1470,215,0.5
1470,250,0.5
1470,206,0.5
1470,12,0.5
1470,216,0.5
1470,244,0.5
1470,10,0.5
1470,257,0.5
1470,8,0.5
1470,253,0.5
1471,236,0.5
1471,211,0.5
1471,219,0.5
1471,8,0.5
1472,215,0.5
1474,215,0.5
1474,241,0.5
1474,236,0.5
1474,12,0.5
1474,255,0.5
1474,234,0.5
1474,214,0.5
1474,3,0.5
1474,1,0.5
1474,257,0.5
1474,210,0.5
1474,253,0.5
1474,84,0.5
1474,256,0.5
1475,241,0.5
1475,5,0.5
1475,235,0.5
1475,121,0.5
1475,255,0.5
1475,245,0.5
1475,219,0.5
1475,212,0.5
1475,11,0.5
1475,244,0.5
1475,210,0.5
1475,84,0.5
1475,248,0.5
1476,7,0.5
1476,236,0.5
1476,121,0.5
1476,216,0.5
1476,255,0.5
1476,234,0.5
1476,4,0.5
1476,6,0.5
1476,210,0.5
1476,256,0.5
1477,11,0.5
1478,250,0.5
1478,251,0.5
1478,206,0.5
1478,220,0.5
1478,236,0.5
1478,12,0.5
1478,239,0.5
1478,219,0.5
1478,248,0.5
1478,256,0.5
1478,243,0.5
1478,588,0.5
1478,1497,0.5
1480,215,0.5
1480,12,0.5
1480,239,0.5
1480,219,0.5
1480,11,0.5
1480,244,0.5
1480,1,0.5
1481,452,0.5
1481,2062,0.5
1482,215,0.5
1482,213,0.5
1483,213,0.5
1483,7,0.5
1483,206,0.5
1483,220,0.5
1483,253,0.5
1483,248,0.5
1485,9,0.5
1485,4,0.5
1485,2065,0.5
1486,215,0.5
1486,251,0.5
1486,234,0.5
1486,3,0.5
1486,244,0.5
1486,1,0.5
1486,252,0.5
1486,4,0.5
1486,8,0.5
1486,84,0.5
1486,248,0.5
1486,256,0.5
1486,243,0.5
1487,207,0.5
1488,7,0.5
1488,363,0.5
1489,215,0.5
1489,7,0.5
1489,2,0.5
1489,239,0.5
1489,252,0.5
1489,210,0.5
1490,1340,0.5
1491,215,0.5
1491,2,0.5
1491,11,0.5
1491,257,0.5
1491,623,0.5
1491,183,0.5
1491,1953,0.5
1491,1657,0.5
1491,1658,0.5
1492,211,0.5
1493,1,0.5
1493,297,0.5
1493,1980,0.5
1493,1729,0.5
1494,3,0.5
1495,293,0.5
1495,268,0.5
1496,219,0.5
1496,764,0.5
1496,389,0.5
1496,1936,0.5
1496,1937,0.5
1496,1938,0.5
1496,1832,0.5
1496,1945,0.5
1496,1946,0.5
1496,1033,0.5
1497,242,0.5
1498,213,0.5
1498,5,0.5
1498,235,0.5
1498,9,0.5
1498,121,0.5
1498,10,0.5
1498,257,0.5
1498,8,0.5
1498,246,0.5
1498,84,0.5
1498,243,0.5
1499,251,0.5
1499,213,0.5
1499,241,0.5
1499,17,0.5
1499,236,0.5
1499,9,0.5
1499,121,0.5
1499,216,0.5
1499,214,0.5
1499,245,0.5
1499,3,0.5
1499,207,0.5
1499,233,0.5
1499,249,0.5
1499,256,0.5
1500,7,0.5
1500,12,0.5
1500,13,0.5
1501,251,0.5
1501,236,0.5
1501,255,0.5
1501,245,0.5
1501,254,0.5
1501,244,0.5
1501,10,0.5
1501,257,0.5
1501,233,0.5
1501,248,0.5
1502,213,0.5
1502,220,0.5
1502,255,0.5
1502,217,0.5
1502,239,0.5
1502,3,0.5
1502,212,0.5
1502,10,0.5
1502,233,0.5
1502,256,0.5
1503,7,0.5
1504,250,0.5
1504,220,0.5
1504,217,0.5
1504,239,0.5
1504,10,0.5
1504,253,0.5
1504,100,0.5
1505,215,0.5
1505,7,0.5
1505,2,0.5
1505,234,0.5
1505,219,0.5
1505,11,0.5
1505,207,0.5
1505,887,0.5
1506,235,0.5
1507,2,0.5
1508,250,0.5
1508,5,0.5
1508,236,0.5
1508,219,0.5
1508,253,0.5
1508,486,0.5
1508,806,0.5
1508,693,0.5
1508,751,0.5
1508,669,0.5
1,3,0.5
1,10,0.5
1,8,0.5
3,17,0.5
3,6,0.5
3,15,0.5
3,26,0.5
3,31,0.5
3,73,0.5
3,144,0.5
3,179,0.5
3,146,0.5
3,40,0.5
3,67,0.5
3,157,0.5
3,191,0.5
3,56,0.5
3,120,0.5
3,122,0.5
3,100,0.5
3,22,0.5
3,43,0.5
3,54,0.5
3,58,0.5
3,63,0.5
3,76,0.5
3,77,0.5
3,86,0.5
3,89,0.5
3,94,0.5
3,105,0.5
3,107,0.5
3,111,0.5
3,114,0.5
3,118,0.5
3,126,0.5
3,133,0.5
3,135,0.5
3,163,0.5
3,165,0.5
3,176,0.5
3,181,0.5
4,17,0.5
6,210,0.5
7,214,0.5
7,10,0.5
7,13,0.5
10,213,0.5
11,1,0.5
12,220,0.5
12,11,0.5
12,207,0.5
13,224,0.5
13,225,0.5
14,234,0.5
15,2,0.5
16,2,0.5
16,11,0.5
16,1,0.5
16,207,0.5
18,9,0.5
21,213,0.5
21,2,0.5
21,121,0.5
21,234,0.5
21,211,0.5
21,205,0.5
21,10,0.5
21,252,0.5
21,247,0.5
22,17,0.5
23,213,0.5
23,8,0.5
25,2,0.5
25,12,0.5
25,217,0.5
25,11,0.5
25,84,0.5
25,248,0.5
25,249,0.5
26,214,0.5
26,11,0.5
27,215,0.5
27,255,0.5
27,3,0.5
27,1,0.5
28,215,0.5
28,7,0.5
28,255,0.5
28,214,0.5
28,3,0.5
28,212,0.5
29,294,0.5
29,270,0.5
29,273,0.5
29,59,0.5
29,292,0.5
29,277,0.5
30,250,0.5
30,251,0.5
30,2,0.5
30,236,0.5
30,9,0.5
30,245,0.5
30,10,0.5
30,248,0.5
30,249,0.5
31,216,0.5
32,13,0.5
33,235,0.5
33,207,0.5
34,17,0.5
34,12,0.5
34,205,0.5
34,219,0.5
34,10,0.5
36,213,0.5
36,241,0.5
36,5,0.5
36,216,0.5
36,4,0.5
36,207,0.5
36,8,0.5
37,215,0.5
37,250,0.5
37,251,0.5
37,5,0.5
37,17,0.5
37,9,0.5
37,234,0.5
37,211,0.5
37,4,0.5
37,8,0.5
37,210,0.5
37,253,0.5
37,84,0.5
37,243,0.5
38,5,0.5
38,220,0.5
38,235,0.5
38,121,0.5
38,245,0.5
38,239,0.5
38,3,0.5
38,11,0.5
38,4,0.5
38,210,0.5
38,84,0.5
38,243,0.5
39,241,0.5
39,5,0.5
39,7,0.5
39,17,0.5
42,212,0.5
43,215,0.5
43,11,0.5
43,10,0.5
43,13,0.5
43,1,0.5
44,4,0.5
44,207,0.5
45,215,0.5
45,11,0.5
46,5,0.5
47,313,0.5
48,11,0.5
50,250,0.5
50,251,0.5
50,213,0.5
50,206,0.5
50,17,0.5
50,236,0.5
50,9,0.5
50,3,0.5
50,84,0.5
51,235,0.5
51,325,0.5
51,323,0.5
51,319,0.5
51,315,0.5
51,334,0.5
52,213,0.5
52,11,0.5
53,235,0.5
53,12,0.5
53,234,0.5
53,214,0.5
53,219,0.5
53,10,0.5
53,1,0.5
53,4,0.5
53,207,0.5
53,210,0.5
55,216,0.5
55,245,0.5
55,3,0.5
55,212,0.5
55,10,0.5
55,253,0.5
55,249,0.5
56,236,0.5
56,255,0.5
56,8,0.5
61,7,0.5
61,12,0.5
61,214,0.5
63,218,0.5
63,299,0.5
63,346,0.5
64,235,0.5
64,211,0.5
64,217,0.5
64,10,0.5
64,1,0.5
64,4,0.5
64,246,0.5
64,249,0.5
64,256,0.5
65,207,0.5
66,1,0.5
66,210,0.5
67,234,0.5
68,236,0.5
68,121,0.5
68,255,0.5
68,3,0.5
68,219,0.5
68,13,0.5
68,233,0.5
68,243,0.5
69,2,0.5
69,235,0.5
69,236,0.5
70,236,0.5
70,13,0.5
71,3,0.5
71,1,0.5
71,4,0.5
72,251,0.5
72,213,0.5
72,17,0.5
72,2,0.5
72,9,0.5
72,216,0.5
72,255,0.5
72,234,0.5
72,252,0.5
72,207,0.5
72,210,0.5
72,249,0.5
73,215,0.5
73,213,0.5
73,5,0.5
73,220,0.5
73,9,0.5
73,217,0.5
73,245,0.5
73,3,0.5
73,212,0.5
73,10,0.5
73,207,0.5
73,8,0.5
73,256,0.5
76,13,0.5
77,215,0.5
78,372,0.5
78,371,0.5
78,374,0.5
78,379,0.5
79,250,0.5
79,121,0.5
79,244,0.5
79,257,0.5
79,218,0.5
79,248,0.5
79,491,0.5
79,388,0.5
79,406,0.5
79,436,0.5
79,505,0.5
79,309,0.5
79,500,0.5
79,468,0.5
79,488,0.5
79,395,0.5
79,463,0.5
79,405,0.5
79,476,0.5
79,497,0.5
79,387,0.5
79,416,0.5
79,429,0.5
79,444,0.5
79,482,0.5
79,517,0.5
80,318,0.5
81,13,0.5
81,489,0.5
81,435,0.5
81,538,0.5
81,528,0.5
81,534,0.5
81,530,0.5
81,379,0.5
81,527,0.5
81,535,0.5
81,544,0.5
82,2,0.5
82,239,0.5
82,11,0.5
82,207,0.5
82,551,0.5
83,250,0.5
83,206,0.5
83,121,0.5
83,217,0.5
83,8,0.5
83,84,0.5
84,213,0.5
84,2,0.5
84,235,0.5
84,12,0.5
84,9,0.5
85,215,0.5
85,213,0.5
85,211,0.5
85,245,0.5
85,4,0.5
86,215,0.5
86,239,0.5
86,11,0.5
86,252,0.5
86,257,0.5
86,6,0.5
86,249,0.5
86,256,0.5
87,12,0.5
87,239,0.5
87,1,0.5
87,207,0.5
88,7,0.5
88,236,0.5
88,207,0.5
89,1,0.5
90,213,0.5
91,220,0.5
91,8,0.5
91,560,0.5
91,557,0.5
92,215,0.5
92,205,0.5
92,4,0.5
92,207,0.5
92,253,0.5
93,3,0.5
93,11,0.5
94,5,0.5
95,220,0.5
95,235,0.5
95,121,0.5
95,205,0.5
95,245,0.5
95,10,0.5
95,256,0.5
95,577,0.5
96,250,0.5
96,241,0.5
96,2,0.5
96,255,0.5
96,234,0.5
96,211,0.5
96,219,0.5
96,254,0.5
96,1,0.5
96,207,0.5
96,233,0.5
96,84,0.5
96,256,0.5
97,250,0.5
97,5,0.5
97,2,0.5
97,121,0.5
97,212,0.5
97,254,0.5
97,11,0.5
97,84,0.5
98,236,0.5
98,294,0.5
98,583,0.5
98,592,0.5
98,336,0.5
98,91,0.5
98,584,0.5
98,588,0.5
99,12,0.5
99,10,0.5
105,7,0.5
105,211,0.5
106,2,0.5
107,220,0.5
107,2,0.5
107,235,0.5
107,236,0.5
107,9,0.5
107,254,0.5
107,10,0.5
107,210,0.5
107,84,0.5
108,10,0.5
109,600,0.5
109,601,0.5
109,603,0.5
110,7,0.5
110,236,0.5
110,4,0.5
111,251,0.5
111,241,0.5
111,17,0.5
111,2,0.5
111,235,0.5
111,236,0.5
111,205,0.5
111,245,0.5
111,13,0.5
111,8,0.5
111,256,0.5
111,247,0.5
112,214,0.5
112,244,0.5
112,218,0.5
112,247,0.5
112,338,0.5
114,215,0.5
114,251,0.5
114,7,0.5
114,235,0.5
114,236,0.5
114,9,0.5
114,219,0.5
114,13,0.5
114,233,0.5
115,250,0.5
115,241,0.5
115,7,0.5
115,206,0.5
115,255,0.5
115,11,0.5
115,233,0.5
116,234,0.5
116,3,0.5
116,610,0.5
116,299,0.5
117,236,0.5
117,219,0.5
117,13,0.5
117,207,0.5
119,11,0.5
120,251,0.5
120,17,0.5
121,215,0.5
121,250,0.5
121,206,0.5
121,12,0.5
121,216,0.5
121,255,0.5
121,211,0.5
121,245,0.5
121,239,0.5
121,219,0.5
121,212,0.5
121,13,0.5
121,252,0.5
121,4,0.5
121,246,0.5
121,249,0.5
121,247,0.5
122,121,0.5
122,10,0.5
123,250,0.5
124,215,0.5
124,7,0.5
124,206,0.5
124,17,0.5
124,216,0.5
124,205,0.5
124,214,0.5
124,3,0.5
124,212,0.5
124,252,0.5
124,257,0.5
124,6,0.5
125,251,0.5
125,235,0.5
125,236,0.5
125,219,0.5
125,10,0.5
125,1,0.5
126,12,0.5
126,245,0.5
126,4,0.5
126,207,0.5
126,8,0.5
126,548,0.5
127,215,0.5
127,612,0.5
128,213,0.5
128,5,0.5
128,206,0.5
128,220,0.5
128,255,0.5
128,211,0.5
128,254,0.5
128,11,0.5
128,10,0.5
128,233,0.5
128,616,0.5
128,599,0.5
129,215,0.5
129,7,0.5
129,245,0.5
129,3,0.5
129,11,0.5
129,91,0.5
130,215,0.5
130,235,0.5
130,216,0.5
130,234,0.5
131,215,0.5
131,251,0.5
133,5,0.5
133,619,0.5
135,7,0.5
135,17,0.5
136,207,0.5
136,103,0.5
136,623,0.5
136,633,0.5
136,636,0.5
136,610,0.5
136,648,0.5
136,651,0.5
136,642,0.5
137,220,0.5
137,121,0.5
137,216,0.5
137,11,0.5
137,10,0.5
137,257,0.5
137,6,0.5
137,253,0.5
138,9,0.5
138,234,0.5
138,211,0.5
138,217,0.5
138,244,0.5
138,257,0.5
138,8,0.5
138,248,0.5
139,244,0.5
139,8,0.5
139,6,0.5
139,248,0.5
139,247,0.5
140,11,0.5
141,10,0.5
142,236,0.5
142,12,0.5
142,207,0.5
144,2,0.5
144,236,0.5
144,12,0.5
144,207,0.5
144,148,0.5
146,236,0.5
146,239,0.5
146,13,0.5
146,1,0.5
146,252,0.5
146,257,0.5
146,6,0.5
146,210,0.5
146,246,0.5
146,249,0.5
146,256,0.5
147,213,0.5
147,5,0.5
147,220,0.5
147,219,0.5
147,1,0.5
147,252,0.5
147,257,0.5
147,6,0.5
147,210,0.5
147,84,0.5
147,249,0.5
148,206,0.5
148,2,0.5
148,236,0.5
150,2,0.5
150,236,0.5
150,121,0.5
150,239,0.5
150,210,0.5
150,282,0.5
151,7,0.5
151,220,0.5
151,236,0.5
151,211,0.5
151,3,0.5
151,11,0.5
151,1,0.5
151,8,0.5
152,7,0.5
152,235,0.5
152,236,0.5
153,468,0.5
154,12,0.5
154,668,0.5
154,669,0.5
155,213,0.5
155,206,0.5
155,236,0.5
155,9,0.5
155,254,0.5
155,11,0.5
155,244,0.5
155,10,0.5
155,210,0.5
155,247,0.5
156,250,0.5
156,214,0.5
156,245,0.5
156,244,0.5
156,1,0.5
156,207,0.5
156,253,0.5
159,7,0.5
159,17,0.5
159,216,0.5
159,8,0.5
160,213,0.5
160,10,0.5
161,250,0.5
161,675,0.5
161,763,0.5
161,278,0.5
161,347,0.5
161,723,0.5
161,706,0.5
161,512,0.5
161,593,0.5
161,365,0.5
161,453,0.5
161,307,0.5
161,755,0.5
161,474,0.5
161,620,0.5
161,419,0.5
161,705,0.5
161,744,0.5
161,756,0.5
161,732,0.5
161,528,0.5
161,722,0.5
161,20,0.5
161,762,0.5
161,678,0.5
161,423,0.5
161,685,0.5
161,490,0.5
161,383,0.5
161,743,0.5
161,742,0.5
161,81,0.5
161,729,0.5
161,751,0.5
161,697,0.5
161,708,0.5
161,714,0.5
161,737,0.5
161,766,0.5
161,767,0.5
163,213,0.5
163,17,0.5
163,236,0.5
163,239,0.5
163,3,0.5
163,254,0.5
163,11,0.5
164,2,0.5
164,397,0.5
164,780,0.5
164,445,0.5
164,782,0.5
164,784,0.5
165,7,0.5
165,10,0.5
165,805,0.5
165,664,0.5
165,792,0.5
165,797,0.5
165,801,0.5
165,803,0.5
166,249,0.5
167,215,0.5
167,206,0.5
167,121,0.5
167,216,0.5
167,245,0.5
167,239,0.5
167,212,0.5
167,254,0.5
167,1,0.5
167,253,0.5
168,215,0.5
168,9,0.5
168,121,0.5
168,216,0.5
168,234,0.5
168,211,0.5
168,217,0.5
168,3,0.5
168,254,0.5
168,11,0.5
168,1,0.5
168,248,0.5
168,256,0.5
168,291,0.5
169,215,0.5
169,241,0.5
169,7,0.5
169,211,0.5
169,3,0.5
169,10,0.5
169,257,0.5
171,235,0.5
171,12,0.5
171,9,0.5
171,121,0.5
171,255,0.5
171,214,0.5
171,3,0.5
171,1,0.5
171,8,0.5
171,84,0.5
171,249,0.5
171,256,0.5
172,215,0.5
172,245,0.5
172,239,0.5
172,3,0.5
172,254,0.5
172,11,0.5
172,1,0.5
172,8,0.5
172,248,0.5
173,2,0.5
173,10,0.5
174,7,0.5
174,236,0.5
174,234,0.5
174,205,0.5
174,239,0.5
174,3,0.5
174,212,0.5
174,1,0.5
174,4,0.5
174,233,0.5
174,246,0.5
174,249,0.5
175,215,0.5
175,17,0.5
175,236,0.5
176,215,0.5
176,241,0.5
176,5,0.5
176,7,0.5
176,220,0.5
176,2,0.5
176,235,0.5
176,12,0.5
176,121,0.5
176,3,0.5
176,212,0.5
176,207,0.5
176,6,0.5
176,247,0.5
177,10,0.5
177,806,0.5
178,17,0.5
178,235,0.5
178,12,0.5
178,121,0.5
178,11,0.5
178,1,0.5
178,8,0.5
178,246,0.5
178,253,0.5
178,248,0.5
178,247,0.5
179,211,0.5
179,219,0.5
180,5,0.5
181,10,0.5
182,255,0.5
183,251,0.5
183,5,0.5
183,121,0.5
183,3,0.5
183,252,0.5
183,6,0.5
183,248,0.5
185,12,0.5
185,10,0.5
185,1,0.5
185,207,0.5
185,243,0.5
187,250,0.5
187,220,0.5
187,2,0.5
187,3,0.5
187,219,0.5
187,84,0.5
188,17,0.5
188,236,0.5
188,207,0.5
188,339,0.5
188,717,0.5
188,278,0.5
188,723,0.5
188,655,0.5
188,606,0.5
188,510,0.5
188,810,0.5
188,148,0.5
188,716,0.5
188,412,0.5
188,746,0.5
188,732,0.5
188,73,0.5
188,92,0.5
188,20,0.5
188,817,0.5
188,825,0.5
188,742,0.5
188,827,0.5
188,826,0.5
188,812,0.5
188,832,0.5
189,215,0.5
189,250,0.5
189,10,0.5
190,2,0.5
190,212,0.5
190,13,0.5
190,233,0.5
191,17,0.5
191,207,0.5
191,8,0.5
192,512,0.5
192,432,0.5
193,251,0.5
193,17,0.5
193,216,0.5
193,255,0.5
193,205,0.5
193,8,0.5
193,210,0.5
195,2,0.5
195,11,0.5
196,241,0.5
196,2,0.5
196,257,0.5
197,213,0.5
197,5,0.5
197,7,0.5
197,206,0.5
197,121,0.5
197,216,0.5
197,239,0.5
197,212,0.5
197,4,0.5
197,233,0.5
197,249,0.5
197,256,0.5
197,247,0.5
197,304,0.5
198,2,0.5
198,235,0.5
198,12,0.5
198,9,0.5
198,216,0.5
198,11,0.5
198,253,0.5
199,339,0.5
199,878,0.5
199,293,0.5
199,879,0.5
199,242,0.5
199,882,0.5
199,880,0.5
199,719,0.5
199,713,0.5
199,597,0.5
199,521,0.5
199,91,0.5
199,436,0.5
199,734,0.5
199,877,0.5
199,750,0.5
199,452,0.5
199,595,0.5
199,441,0.5
199,697,0.5
199,849,0.5
199,851,0.5
199,854,0.5
199,858,0.5
199,859,0.5
199,889,0.5
199,899,0.5
200,251,0.5
200,241,0.5
200,9,0.5
200,255,0.5
200,217,0.5
200,245,0.5
200,10,0.5
200,248,0.5
200,604,0.5
200,434,0.5
201,250,0.5
201,241,0.5
201,7,0.5
201,236,0.5
201,217,0.5
201,3,0.5
201,212,0.5
201,4,0.5
201,207,0.5
201,903,0.5
201,405,0.5
201,902,0.5
202,215,0.5
202,250,0.5
202,11,0.5
202,6,0.5
202,246,0.5
202,84,0.5
204,220,0.5
204,2,0.5
204,245,0.5
204,212,0.5
204,244,0.5
204,252,0.5
204,257,0.5
204,4,0.5
204,8,0.5
204,247,0.5
205,250,0.5
205,234,0.5
205,11,0.5
205,1,0.5
205,257,0.5
205,8,0.5
205,256,0.5
206,251,0.5
206,213,0.5
206,5,0.5
206,220,0.5
206,245,0.5
206,212,0.5
206,4,0.5
206,247,0.5
207,12,0.5
208,5,0.5
208,2,0.5
208,235,0.5
208,12,0.5
208,3,0.5
208,212,0.5
208,4,0.5
208,913,0.5
209,255,0.5
209,217,0.5
209,3,0.5
209,11,0.5
209,10,0.5
209,1,0.5
209,6,0.5
209,84,0.5
210,207,0.5
212,215,0.5
212,5,0.5
212,2,0.5
212,205,0.5
212,1,0.5
214,7,0.5
214,17,0.5
214,236,0.5
214,211,0.5
214,11,0.5
214,10,0.5
215,215,0.5
215,250,0.5
215,241,0.5
215,5,0.5
215,236,0.5
215,12,0.5
215,245,0.5
215,219,0.5
215,1,0.5
215,8,0.5
216,17,0.5
216,11,0.5
216,13,0.5
217,241,0.5
217,7,0.5
218,7,0.5
218,206,0.5
218,121,0.5
218,219,0.5
218,11,0.5
218,252,0.5
218,246,0.5
218,253,0.5
219,330,0.5
220,241,0.5
220,1,0.5
222,207,0.5
223,206,0.5
223,220,0.5
223,17,0.5
223,234,0.5
223,205,0.5
223,13,0.5
223,207,0.5
223,210,0.5
224,250,0.5
224,2,0.5
224,12,0.5
224,9,0.5
224,217,0.5
224,245,0.5
224,3,0.5
225,250,0.5
225,236,0.5
225,12,0.5
225,121,0.5
225,255,0.5
225,219,0.5
225,254,0.5
225,84,0.5
225,248,0.5
225,249,0.5
225,243,0.5
226,7,0.5
227,241,0.5
227,236,0.5
227,205,0.5
227,239,0.5
227,219,0.5
227,10,0.5
227,253,0.5
228,241,0.5
228,7,0.5
231,5,0.5
231,918,0.5
231,144,0.5
231,917,0.5
231,920,0.5
232,7,0.5
232,206,0.5
234,11,0.5
235,250,0.5
235,251,0.5
235,5,0.5
235,220,0.5
235,12,0.5
235,214,0.5
235,239,0.5
235,3,0.5
235,13,0.5
235,257,0.5
235,4,0.5
235,248,0.5
235,256,0.5
237,243,0.5
238,9,0.5
238,11,0.5
238,13,0.5
238,922,0.5
239,7,0.5
239,9,0.5
239,11,0.5
239,6,0.5
240,12,0.5
240,207,0.5
241,253,0.5
242,11,0.5
243,17,0.5
243,205,0.5
243,214,0.5
243,10,0.5
243,4,0.5
243,246,0.5
243,932,0.5
243,923,0.5
243,435,0.5
243,577,0.5
243,663,0.5
243,924,0.5
244,12,0.5
244,11,0.5
244,1,0.5
245,234,0.5
245,245,0.5
245,210,0.5
245,256,0.5
247,279,0.5
248,220,0.5
248,205,0.5
248,3,0.5
248,11,0.5
249,215,0.5
249,250,0.5
249,220,0.5
249,236,0.5
249,9,0.5
249,4,0.5
249,247,0.5
250,250,0.5
250,251,0.5
250,241,0.5
250,219,0.5
250,244,0.5
250,4,0.5
250,246,0.5
250,249,0.5
250,247,0.5
251,5,0.5
251,7,0.5
251,205,0.5
251,239,0.5
251,219,0.5
255,213,0.5
255,236,0.5
255,205,0.5
256,1,0.5
257,7,0.5
259,251,0.5
259,7,0.5
259,219,0.5
260,5,0.5
260,211,0.5
260,239,0.5
261,7,0.5
261,17,0.5
261,234,0.5
261,245,0.5
261,3,0.5
261,219,0.5
262,213,0.5
262,235,0.5
262,11,0.5
263,213,0.5
263,205,0.5
263,214,0.5
263,239,0.5
263,3,0.5
263,252,0.5
264,11,0.5
265,215,0.5
265,213,0.5
265,5,0.5
265,17,0.5
265,9,0.5
265,121,0.5
265,3,0.5
266,17,0.5
267,7,0.5
269,2,0.5
269,11,0.5
269,376,0.5
270,215,0.5
270,241,0.5
270,7,0.5
270,206,0.5
270,235,0.5
270,236,0.5
270,12,0.5
270,216,0.5
270,217,0.5
270,245,0.5
270,3,0.5
270,10,0.5
270,8,0.5
270,243,0.5
271,251,0.5
271,9,0.5
271,217,0.5
271,205,0.5
271,214,0.5
271,11,0.5
271,13,0.5
271,252,0.5
271,6,0.5
271,246,0.5
272,2,0.5
272,236,0.5
272,12,0.5
272,214,0.5
272,11,0.5
272,210,0.5
272,691,0.5
272,391,0.5
272,70,0.5
272,897,0.5
272,242,0.5
272,397,0.5
272,347,0.5
272,638,0.5
272,657,0.5
272,480,0.5
272,589,0.5
272,318,0.5
272,958,0.5
272,698,0.5
272,715,0.5
272,747,0.5
272,26,0.5
272,709,0.5
272,419,0.5
272,59,0.5
272,716,0.5
272,718,0.5
272,1010,0.5
272,984,0.5
272,20,0.5
272,959,0.5
272,1011,0.5
272,52,0.5
272,295,0.5
272,314,0.5
272,516,0.5
272,720,0.5
272,754,0.5
272,766,0.5
272,942,0.5
272,945,0.5
272,957,0.5
272,960,0.5
272,970,0.5
272,971,0.5
272,972,0.5
272,979,0.5
272,982,0.5
272,991,0.5
272,993,0.5
272,997,0.5
272,1001,0.5
272,1003,0.5
272,1014,0.5
273,250,0.5
273,251,0.5
273,2,0.5
273,235,0.5
273,219,0.5
273,1,0.5
273,659,0.5
274,215,0.5
274,235,0.5
274,234,0.5
274,205,0.5
274,245,0.5
274,239,0.5
274,219,0.5
274,212,0.5
274,11,0.5
274,244,0.5
274,248,0.5
275,554,0.5
276,213,0.5
276,241,0.5
276,5,0.5
276,9,0.5
276,216,0.5
276,245,0.5
276,11,0.5
276,252,0.5
276,8,0.5
278,215,0.5
278,10,0.5
278,862,0.5
278,592,0.5
278,1022,0.5
279,206,0.5
279,12,0.5
279,217,0.5
279,11,0.5
279,13,0.5
279,210,0.5
279,243,0.5
280,251,0.5
280,236,0.5
280,12,0.5
280,211,0.5
280,245,0.5
280,239,0.5
280,212,0.5
280,207,0.5
281,215,0.5
281,250,0.5
281,5,0.5
281,245,0.5
281,212,0.5
281,10,0.5
281,4,0.5
281,233,0.5
281,248,0.5
281,243,0.5
282,5,0.5
283,11,0.5
284,805,0.5
284,1029,0.5
284,911,0.5
284,732,0.5
284,363,0.5
284,190,0.5
285,7,0.5
285,234,0.5
285,6,0.5
285,335,0.5
285,1039,0.5
286,241,0.5
286,5,0.5
286,1,0.5
286,8,0.5
287,17,0.5
288,121,0.5
289,2,0.5
289,121,0.5
289,257,0.5
290,206,0.5
291,250,0.5
291,251,0.5
291,213,0.5
291,12,0.5
291,217,0.5
291,205,0.5
291,1,0.5
291,233,0.5
291,210,0.5
292,251,0.5
292,235,0.5
292,236,0.5
292,121,0.5
292,3,0.5
292,8,0.5
292,243,0.5
293,17,0.5
293,235,0.5
293,10,0.5
293,13,0.5
294,250,0.5
294,251,0.5
294,7,0.5
294,217,0.5
294,13,0.5
294,252,0.5
294,8,0.5
294,210,0.5
294,256,0.5
294,243,0.5
295,241,0.5
295,220,0.5
295,2,0.5
295,216,0.5
295,234,0.5
295,10,0.5
295,257,0.5
295,253,0.5
295,249,0.5
296,2,0.5
296,216,0.5
296,234,0.5
296,219,0.5
296,252,0.5
296,207,0.5
296,210,0.5
298,257,0.5
299,5,0.5
299,214,0.5
299,245,0.5
299,239,0.5
299,11,0.5
299,13,0.5
299,207,0.5
299,253,0.5
299,256,0.5
300,638,0.5
300,1011,0.5
300,1068,0.5
300,793,0.5
300,1044,0.5
300,970,0.5
300,999,0.5
300,1056,0.5
300,1065,0.5
300,1066,0.5
300,1067,0.5
301,215,0.5
301,250,0.5
301,9,0.5
302,215,0.5
302,250,0.5
302,213,0.5
302,241,0.5
302,236,0.5
302,12,0.5
302,205,0.5
302,239,0.5
302,219,0.5
302,246,0.5
302,84,0.5
302,243,0.5
302,247,0.5
303,250,0.5
303,205,0.5
303,239,0.5
305,350,0.5
306,2,0.5
306,3,0.5
306,4,0.5
306,207,0.5
307,17,0.5
307,13,0.5
307,243,0.5
308,235,0.5
308,239,0.5
308,13,0.5
308,257,0.5
308,1116,0.5
308,278,0.5
308,247,0.5
308,1075,0.5
308,434,0.5
308,660,0.5
308,1034,0.5
308,1101,0.5
308,1074,0.5
308,1077,0.5
308,1091,0.5
308,1092,0.5
308,1095,0.5
308,1099,0.5
308,1103,0.5
308,1104,0.5
308,1110,0.5
308,1113,0.5
308,1117,0.5
309,250,0.5
309,220,0.5
309,205,0.5
310,241,0.5
310,116,0.5
310,38,0.5
310,688,0.5
311,17,0.5
312,250,0.5
312,251,0.5
312,7,0.5
312,220,0.5
312,255,0.5
312,212,0.5
312,1,0.5
312,257,0.5
312,4,0.5
312,8,0.5
312,1054,0.5
313,215,0.5
313,17,0.5
313,2,0.5
313,216,0.5
313,219,0.5
313,252,0.5
313,246,0.5
313,658,0.5
313,247,0.5
313,1130,0.5
314,7,0.5
314,11,0.5
315,13,0.5
315,496,0.5
316,215,0.5
316,250,0.5
316,251,0.5
316,216,0.5
316,211,0.5
316,217,0.5
316,214,0.5
316,245,0.5
316,3,0.5
316,219,0.5
316,246,0.5
316,248,0.5
316,1140,0.5
316,1143,0.5
316,1147,0.5
317,250,0.5
317,217,0.5
317,835,0.5
317,798,0.5
317,305,0.5
317,1162,0.5
317,1163,0.5
317,1165,0.5
318,216,0.5
319,251,0.5
319,206,0.5
319,255,0.5
319,234,0.5
319,244,0.5
319,10,0.5
319,1,0.5
319,8,0.5
319,6,0.5
319,248,0.5
320,250,0.5
320,213,0.5
320,7,0.5
320,17,0.5
320,2,0.5
320,9,0.5
320,205,0.5
320,219,0.5
320,1,0.5
320,210,0.5
320,1178,0.5
320,1176,0.5
321,220,0.5
321,205,0.5
322,239,0.5
322,244,0.5
322,8,0.5
323,17,0.5
323,2,0.5
323,245,0.5
323,1,0.5
323,866,0.5
323,723,0.5
323,592,0.5
323,256,0.5
323,706,0.5
323,769,0.5
323,712,0.5
323,733,0.5
323,760,0.5
323,510,0.5
323,432,0.5
323,676,0.5
323,31,0.5
323,275,0.5
323,1189,0.5
323,743,0.5
323,899,0.5
324,215,0.5
324,250,0.5
324,5,0.5
324,17,0.5
324,2,0.5
324,236,0.5
324,10,0.5
324,1,0.5
325,216,0.5
325,244,0.5
325,207,0.5
325,210,0.5
326,215,0.5
326,206,0.5
326,220,0.5
326,2,0.5
326,236,0.5
326,11,0.5
326,13,0.5
327,239,0.5
328,250,0.5
328,241,0.5
328,7,0.5
328,2,0.5
328,235,0.5
328,236,0.5
328,12,0.5
328,255,0.5
328,214,0.5
328,4,0.5
328,8,0.5
328,6,0.5
328,249,0.5
329,5,0.5
329,17,0.5
329,1,0.5
329,207,0.5
330,215,0.5
330,235,0.5
330,236,0.5
330,234,0.5
330,211,0.5
330,217,0.5
330,3,0.5
330,219,0.5
330,11,0.5
330,13,0.5
330,257,0.5
330,6,0.5
330,249,0.5
331,5,0.5
331,12,0.5
331,234,0.5
331,13,0.5
331,6,0.5
332,236,0.5
332,211,0.5
333,7,0.5
334,2,0.5
334,1,0.5
335,236,0.5
335,205,0.5
335,3,0.5
335,257,0.5
335,253,0.5
335,248,0.5
335,247,0.5
337,236,0.5
337,8,0.5
338,251,0.5
338,213,0.5
338,241,0.5
338,217,0.5
338,205,0.5
339,17,0.5
340,313,0.5
341,245,0.5
341,84,0.5
342,12,0.5
342,257,0.5
343,7,0.5
343,255,0.5
344,7,0.5
345,8,0.5
345,246,0.5
345,512,0.5
346,215,0.5
346,250,0.5
346,5,0.5
346,245,0.5
346,1,0.5
346,8,0.5
346,246,0.5
346,253,0.5
346,84,0.5
347,2,0.5
347,787,0.5
347,1123,0.5
347,96,0.5
347,330,0.5
347,729,0.5
347,21,0.5
347,74,0.5
347,79,0.5
347,133,0.5
347,446,0.5
347,498,0.5
348,215,0.5
348,236,0.5
348,121,0.5
348,255,0.5
348,211,0.5
348,3,0.5
348,11,0.5
349,241,0.5
349,7,0.5
349,235,0.5
349,255,0.5
349,234,0.5
349,212,0.5
349,207,0.5
349,243,0.5
350,5,0.5
350,17,0.5
350,216,0.5
350,211,0.5
350,205,0.5
350,245,0.5
350,10,0.5
350,1,0.5
350,4,0.5
350,6,0.5
350,84,0.5
351,257,0.5
352,251,0.5
352,241,0.5
352,236,0.5
353,213,0.5
353,206,0.5
353,205,0.5
353,212,0.5
353,4,0.5
353,207,0.5
353,8,0.5
353,253,0.5
354,13,0.5
354,4,0.5
355,251,0.5
355,255,0.5
355,234,0.5
355,675,0.5
355,278,0.5
355,352,0.5
355,256,0.5
355,432,0.5
355,1198,0.5
355,431,0.5
355,620,0.5
355,427,0.5
355,705,0.5
355,488,0.5
355,452,0.5
355,490,0.5
355,386,0.5
355,428,0.5
355,445,0.5
355,515,0.5
356,234,0.5
356,212,0.5
356,11,0.5
356,10,0.5
356,257,0.5
356,210,0.5
356,246,0.5
358,11,0.5
359,12,0.5
359,1,0.5
359,6,0.5
360,3,0.5
361,219,0.5
361,11,0.5
361,218,0.5
361,253,0.5
361,806,0.5
361,141,0.5
361,664,0.5
361,800,0.5
361,1003,0.5
361,1205,0.5
362,250,0.5
362,5,0.5
362,12,0.5
362,3,0.5
362,11,0.5
362,13,0.5
362,8,0.5
362,243,0.5
363,215,0.5
363,213,0.5
363,239,0.5
364,2,0.5
364,235,0.5
364,207,0.5
364,391,0.5
365,251,0.5
365,5,0.5
365,206,0.5
365,17,0.5
365,235,0.5
365,9,0.5
365,217,0.5
365,239,0.5
365,13,0.5
365,257,0.5
365,207,0.5
365,246,0.5
366,215,0.5
367,17,0.5
367,236,0.5
367,205,0.5
367,239,0.5
367,10,0.5
367,252,0.5
367,4,0.5
367,233,0.5
367,253,0.5
368,213,0.5
368,206,0.5
368,235,0.5
368,236,0.5
370,215,0.5
370,235,0.5
370,13,0.5
370,8,0.5
370,253,0.5
371,7,0.5
373,254,0.5
374,251,0.5
374,241,0.5
374,17,0.5
374,236,0.5
374,12,0.5
374,121,0.5
374,239,0.5
374,219,0.5
374,254,0.5
374,207,0.5
374,6,0.5
374,253,0.5
374,243,0.5
375,5,0.5
375,17,0.5
375,335,0.5
375,522,0.5
376,2,0.5
378,212,0.5
378,11,0.5
378,4,0.5
378,246,0.5
378,218,0.5
379,255,0.5
379,13,0.5
380,235,0.5
380,236,0.5
380,216,0.5
380,1,0.5
380,207,0.5
381,250,0.5
381,216,0.5
381,205,0.5
381,245,0.5
381,239,0.5
381,219,0.5
381,254,0.5
381,13,0.5
381,253,0.5
381,84,0.5
382,12,0.5
382,219,0.5
382,233,0.5
383,1,0.5
384,212,0.5
384,207,0.5
384,247,0.5
385,251,0.5
385,241,0.5
385,255,0.5
385,1,0.5
386,206,0.5
386,236,0.5
386,12,0.5
386,216,0.5
386,255,0.5
386,239,0.5
386,244,0.5
386,4,0.5
386,207,0.5
386,249,0.5
387,451,0.5
387,1219,0.5
387,1216,0.5
388,213,0.5
388,1,0.5
388,233,0.5
389,5,0.5
389,235,0.5
389,12,0.5
389,211,0.5
389,205,0.5
389,214,0.5
389,244,0.5
389,252,0.5
389,248,0.5
389,256,0.5
391,220,0.5
391,17,0.5
391,12,0.5
391,211,0.5
391,233,0.5
391,210,0.5
391,84,0.5
392,241,0.5
392,220,0.5
392,205,0.5
392,239,0.5
392,1220,0.5
393,236,0.5
393,234,0.5
393,246,0.5
393,84,0.5
395,250,0.5
395,213,0.5
395,241,0.5
395,7,0.5
395,9,0.5
395,219,0.5
395,254,0.5
395,13,0.5
395,1,0.5
395,257,0.5
395,4,0.5
395,233,0.5
395,248,0.5
396,536,0.5
396,1194,0.5
396,947,0.5
396,297,0.5
396,600,0.5
397,220,0.5
397,3,0.5
397,1,0.5
397,247,0.5
397,837,0.5
397,1233,0.5
399,5,0.5
399,12,0.5
399,207,0.5
401,235,0.5
401,12,0.5
401,9,0.5
401,121,0.5
401,211,0.5
401,244,0.5
401,207,0.5
401,210,0.5
401,247,0.5
402,1,0.5
402,1237,0.5
402,767,0.5
402,1238,0.5
402,1239,0.5
402,1242,0.5
402,1245,0.5
402,1248,0.5
402,1249,0.5
402,1254,0.5
403,17,0.5
403,236,0.5
403,207,0.5
403,8,0.5
404,241,0.5
404,5,0.5
404,17,0.5
404,2,0.5
404,9,0.5
404,1,0.5
404,8,0.5
404,210,0.5
405,13,0.5
405,341,0.5
406,250,0.5
406,7,0.5
406,220,0.5
406,236,0.5
406,255,0.5
406,211,0.5
406,233,0.5
406,247,0.5
407,215,0.5
407,13,0.5
408,206,0.5
408,12,0.5
408,211,0.5
409,7,0.5
409,207,0.5
410,2,0.5
410,11,0.5
410,207,0.5
411,213,0.5
411,17,0.5
411,9,0.5
411,217,0.5
411,245,0.5
411,239,0.5
411,1,0.5
411,4,0.5
411,8,0.5
411,247,0.5
412,215,0.5
412,213,0.5
412,235,0.5
412,216,0.5
412,234,0.5
412,211,0.5
412,217,0.5
412,3,0.5
412,212,0.5
412,254,0.5
412,8,0.5
412,256,0.5
413,5,0.5
413,17,0.5
413,1,0.5
413,4,0.5
413,240,0.5
414,10,0.5
416,236,0.5
416,10,0.5
417,243,0.5
418,205,0.5
418,10,0.5
418,13,0.5
418,1,0.5
418,249,0.5
418,256,0.5
420,215,0.5
420,213,0.5
420,7,0.5
420,206,0.5
420,17,0.5
420,12,0.5
420,9,0.5
420,121,0.5
420,205,0.5
420,11,0.5
420,10,0.5
420,257,0.5
420,4,0.5
420,253,0.5
420,84,0.5
421,7,0.5
421,207,0.5
422,234,0.5
422,13,0.5
423,17,0.5
423,257,0.5
424,7,0.5
424,236,0.5
424,12,0.5
424,255,0.5
424,211,0.5
424,11,0.5
424,257,0.5
424,210,0.5
424,256,0.5
425,241,0.5
425,5,0.5
425,7,0.5
425,206,0.5
425,236,0.5
425,3,0.5
425,212,0.5
425,11,0.5
425,13,0.5
425,6,0.5
425,253,0.5
425,248,0.5
425,256,0.5
426,250,0.5
426,17,0.5
426,211,0.5
426,11,0.5
427,250,0.5
427,251,0.5
427,241,0.5
427,206,0.5
427,11,0.5
427,10,0.5
427,6,0.5
427,1260,0.5
428,235,0.5
428,236,0.5
428,12,0.5
428,9,0.5
428,10,0.5
428,233,0.5
428,247,0.5
429,251,0.5
429,214,0.5
429,13,0.5
429,8,0.5
430,207,0.5
432,216,0.5
432,211,0.5
432,1,0.5
433,781,0.5
433,675,0.5
433,845,0.5
433,26,0.5
433,1265,0.5
433,1267,0.5
433,1220,0.5
435,5,0.5
435,278,0.5
436,220,0.5
436,207,0.5
436,1273,0.5
437,251,0.5
437,241,0.5
437,235,0.5
437,121,0.5
437,239,0.5
437,219,0.5
437,212,0.5
437,243,0.5
438,5,0.5
438,212,0.5
439,250,0.5
439,213,0.5
439,211,0.5
439,214,0.5
439,254,0.5
439,10,0.5
439,4,0.5
439,207,0.5
439,247,0.5
440,13,0.5
441,17,0.5
441,234,0.5
441,207,0.5
441,6,0.5
441,247,0.5
442,255,0.5
442,245,0.5
442,252,0.5
442,207,0.5
442,233,0.5
443,11,0.5
444,17,0.5
444,3,0.5
444,254,0.5
444,10,0.5
444,207,0.5
444,210,0.5
444,246,0.5
445,7,0.5
445,17,0.5
445,207,0.5
445,8,0.5
445,247,0.5
446,13,0.5
447,1,0.5
447,207,0.5
448,1275,0.5
449,211,0.5
449,84,0.5
450,11,0.5
450,246,0.5
451,250,0.5
451,17,0.5
451,12,0.5
451,205,0.5
451,245,0.5
451,212,0.5
451,13,0.5
451,257,0.5
451,233,0.5
451,6,0.5
451,246,0.5
451,84,0.5
451,243,0.5
452,213,0.5
452,241,0.5
452,9,0.5
452,255,0.5
452,214,0.5
452,239,0.5
452,207,0.5
452,246,0.5
452,144,0.5
452,1284,0.5
453,1,0.5
454,215,0.5
454,2,0.5
454,239,0.5
454,11,0.5
454,207,0.5
455,220,0.5
455,255,0.5
455,10,0.5
455,207,0.5
455,6,0.5
455,84,0.5
456,235,0.5
456,448,0.5
456,390,0.5
456,475,0.5
457,251,0.5
457,220,0.5
457,252,0.5
457,4,0.5
457,6,0.5
457,84,0.5
459,5,0.5
459,121,0.5
459,211,0.5
459,214,0.5
459,252,0.5
459,253,0.5
459,243,0.5
459,247,0.5
460,250,0.5
460,213,0.5
460,7,0.5
460,236,0.5
460,239,0.5
460,254,0.5
460,13,0.5
460,1,0.5
460,252,0.5
460,246,0.5
460,248,0.5
460,247,0.5
461,5,0.5
461,216,0.5
461,244,0.5
461,6,0.5
462,17,0.5
463,215,0.5
463,1286,0.5
464,5,0.5
464,520,0.5
464,236,0.5
464,211,0.5
464,257,0.5
464,1293,0.5
465,215,0.5
465,213,0.5
465,7,0.5
465,216,0.5
465,239,0.5
466,5,0.5
466,7,0.5
466,2,0.5
466,235,0.5
466,216,0.5
466,211,0.5
466,11,0.5
466,252,0.5
466,8,0.5
466,243,0.5
467,215,0.5
467,241,0.5
467,7,0.5
467,236,0.5
467,255,0.5
467,211,0.5
467,217,0.5
467,245,0.5
467,3,0.5
467,246,0.5
467,84,0.5
468,251,0.5
468,220,0.5
468,2,0.5
468,121,0.5
468,255,0.5
468,245,0.5
468,4,0.5
468,207,0.5
468,243,0.5
469,219,0.5
470,235,0.5
470,233,0.5
472,207,0.5
472,218,0.5
472,522,0.5
473,5,0.5
473,239,0.5
475,4,0.5
477,236,0.5
477,211,0.5
477,217,0.5
477,205,0.5
477,214,0.5
477,239,0.5
477,254,0.5
477,207,0.5
477,256,0.5
477,247,0.5
478,478,0.5
478,480,0.5
478,345,0.5
478,473,0.5
478,536,0.5
478,356,0.5
478,1298,0.5
479,728,0.5
479,278,0.5
479,322,0.5
479,1300,0.5
480,7,0.5
480,257,0.5
481,5,0.5
481,1295,0.5
482,7,0.5
482,255,0.5
482,245,0.5
482,239,0.5
482,219,0.5
482,254,0.5
482,11,0.5
482,4,0.5
482,233,0.5
483,9,0.5
483,239,0.5
483,212,0.5
483,10,0.5
483,1,0.5
483,252,0.5
483,210,0.5
483,15,0.5
484,2,0.5
484,236,0.5
484,3,0.5
485,236,0.5
485,9,0.5
485,121,0.5
485,216,0.5
485,217,0.5
485,205,0.5
485,214,0.5
485,219,0.5
485,244,0.5
485,10,0.5
485,243,0.5
486,7,0.5
486,239,0.5
486,219,0.5
487,241,0.5
487,2,0.5
487,236,0.5
487,9,0.5
487,217,0.5
487,245,0.5
487,10,0.5
487,6,0.5
487,246,0.5
487,253,0.5
487,248,0.5
488,241,0.5
488,121,0.5
488,217,0.5
488,10,0.5
488,702,0.5
488,31,0.5
488,398,0.5
488,526,0.5
489,293,0.5
489,879,0.5
489,336,0.5
489,521,0.5
490,213,0.5
490,217,0.5
490,205,0.5
490,244,0.5
491,215,0.5
491,235,0.5
491,207,0.5
492,250,0.5
492,7,0.5
492,17,0.5
492,2,0.5
492,235,0.5
492,236,0.5
492,211,0.5
492,212,0.5
492,252,0.5
492,257,0.5
492,4,0.5
492,8,0.5
492,247,0.5
494,7,0.5
494,206,0.5
494,220,0.5
494,236,0.5
494,214,0.5
494,245,0.5
494,219,0.5
494,244,0.5
494,1,0.5
494,247,0.5
495,121,0.5
495,254,0.5
495,244,0.5
495,207,0.5
498,207,0.5
499,17,0.5
499,2,0.5
500,121,0.5
500,255,0.5
500,234,0.5
500,205,0.5
500,219,0.5
502,241,0.5
502,5,0.5
502,7,0.5
502,12,0.5
502,9,0.5
502,212,0.5
502,244,0.5
502,10,0.5
502,246,0.5
502,84,0.5
503,416,0.5
504,2,0.5
504,219,0.5
505,235,0.5
505,9,0.5
505,255,0.5
505,214,0.5
505,13,0.5
505,1,0.5
505,252,0.5
505,4,0.5
505,8,0.5
505,246,0.5
505,253,0.5
505,256,0.5
506,215,0.5
506,251,0.5
506,234,0.5
506,3,0.5
506,252,0.5
507,251,0.5
507,241,0.5
507,17,0.5
507,205,0.5
507,219,0.5
507,10,0.5
507,246,0.5
507,248,0.5
507,256,0.5
507,247,0.5
508,2,0.5
508,239,0.5
508,8,0.5
508,940,0.5
509,241,0.5
509,7,0.5
509,12,0.5
509,245,0.5
509,212,0.5
509,13,0.5
509,764,0.5
509,286,0.5
509,584,0.5
509,148,0.5
509,341,0.5
509,414,0.5
509,930,0.5
509,938,0.5
509,748,0.5
509,924,0.5
509,929,0.5
509,1312,0.5
509,1314,0.5
509,1323,0.5
509,1325,0.5
510,431,0.5
510,1328,0.5
510,1329,0.5
510,1330,0.5
513,7,0.5
513,2,0.5
513,236,0.5
514,7,0.5
514,17,0.5
514,211,0.5
514,207,0.5
514,8,0.5
514,1334,0.5
515,241,0.5
515,206,0.5
515,220,0.5
515,235,0.5
515,236,0.5
515,12,0.5
515,3,0.5
515,10,0.5
515,13,0.5
516,17,0.5
516,219,0.5
517,215,0.5
517,213,0.5
517,17,0.5
517,216,0.5
517,212,0.5
517,4,0.5
517,207,0.5
517,253,0.5
518,250,0.5
518,7,0.5
518,121,0.5
518,3,0.5
518,219,0.5
519,250,0.5
519,17,0.5
519,245,0.5
519,13,0.5
519,877,0.5
520,215,0.5
520,241,0.5
520,7,0.5
520,220,0.5
520,216,0.5
520,207,0.5
520,8,0.5
520,6,0.5
520,253,0.5
522,12,0.5
522,1,0.5
522,84,0.5
523,251,0.5
523,7,0.5
523,236,0.5
523,255,0.5
523,257,0.5
524,2,0.5
524,207,0.5
524,525,0.5
525,11,0.5
526,9,0.5
526,1,0.5
526,4,0.5
526,84,0.5
527,235,0.5
527,255,0.5
528,7,0.5
528,3,0.5
528,246,0.5
530,250,0.5
530,7,0.5
530,220,0.5
530,17,0.5
530,2,0.5
530,235,0.5
530,255,0.5
530,214,0.5
530,3,0.5
530,219,0.5
530,1,0.5
530,8,0.5
530,246,0.5
530,247,0.5
531,299,0.5
533,250,0.5
533,236,0.5
533,604,0.5
533,525,0.5
533,984,0.5
533,550,0.5
533,167,0.5
533,266,0.5
533,383,0.5
533,739,0.5
533,941,0.5
534,214,0.5
534,245,0.5
535,215,0.5
535,206,0.5
535,17,0.5
535,205,0.5
535,245,0.5
535,219,0.5
535,254,0.5
535,10,0.5
535,257,0.5
535,233,0.5
535,210,0.5
535,247,0.5
536,213,0.5
536,5,0.5
536,219,0.5
536,10,0.5
536,1,0.5
536,4,0.5
537,251,0.5
537,211,0.5
537,239,0.5
537,244,0.5
537,10,0.5
537,1,0.5
537,257,0.5
537,253,0.5
537,247,0.5
538,215,0.5
538,213,0.5
538,11,0.5
538,210,0.5
538,256,0.5
539,5,0.5
539,211,0.5
539,217,0.5
539,3,0.5
539,254,0.5
539,10,0.5
539,6,0.5
539,210,0.5
539,253,0.5
539,256,0.5
540,220,0.5
540,4,0.5
541,241,0.5
541,234,0.5
541,11,0.5
541,242,0.5
541,434,0.5
541,297,0.5
542,9,0.5
542,211,0.5
544,215,0.5
544,241,0.5
544,5,0.5
544,17,0.5
544,236,0.5
544,255,0.5
544,234,0.5
544,214,0.5
544,10,0.5
544,233,0.5
544,248,0.5
544,249,0.5
545,13,0.5
546,245,0.5
546,1,0.5
546,1349,0.5
546,1348,0.5
546,592,0.5
546,318,0.5
546,900,0.5
547,250,0.5
547,241,0.5
547,206,0.5
547,2,0.5
547,12,0.5
547,121,0.5
547,211,0.5
547,3,0.5
547,10,0.5
547,257,0.5
548,7,0.5
548,220,0.5
548,235,0.5
548,216,0.5
548,211,0.5
548,3,0.5
548,254,0.5
548,244,0.5
548,257,0.5
548,210,0.5
549,251,0.5
549,213,0.5
549,7,0.5
549,236,0.5
549,217,0.5
549,254,0.5
549,252,0.5
549,257,0.5
549,233,0.5
549,6,0.5
549,84,0.5
549,256,0.5
550,213,0.5
550,220,0.5
550,235,0.5
550,217,0.5
550,254,0.5
550,207,0.5
550,270,0.5
550,84,0.5
551,7,0.5
552,241,0.5
552,10,0.5
552,13,0.5
553,205,0.5
553,10,0.5
553,1,0.5
553,210,0.5
554,5,0.5
554,4,0.5
555,215,0.5
555,213,0.5
555,220,0.5
555,2,0.5
555,211,0.5
555,205,0.5
555,3,0.5
555,219,0.5
555,207,0.5
555,8,0.5
555,253,0.5
555,256,0.5
556,2,0.5
556,638,0.5
556,434,0.5
557,7,0.5
557,17,0.5
557,216,0.5
557,214,0.5
557,245,0.5
557,254,0.5
557,6,0.5
558,13,0.5
559,250,0.5
559,213,0.5
559,2,0.5
559,211,0.5
559,217,0.5
559,239,0.5
559,254,0.5
559,249,0.5
560,11,0.5
560,253,0.5
561,215,0.5
561,235,0.5
561,121,0.5
561,216,0.5
561,211,0.5
561,3,0.5
561,11,0.5
561,257,0.5
561,6,0.5
561,210,0.5
561,246,0.5
562,205,0.5
562,781,0.5
562,242,0.5
562,805,0.5
562,477,0.5
563,7,0.5
563,3,0.5
563,442,0.5
564,11,0.5
564,257,0.5
566,213,0.5
566,5,0.5
566,220,0.5
566,2,0.5
566,12,0.5
566,9,0.5
566,216,0.5
566,255,0.5
566,211,0.5
566,245,0.5
566,239,0.5
566,13,0.5
566,243,0.5
567,7,0.5
567,12,0.5
567,219,0.5
567,1,0.5
568,220,0.5
568,17,0.5
568,842,0.5
568,1281,0.5
568,1282,0.5
569,213,0.5
569,9,0.5
569,214,0.5
569,4,0.5
569,207,0.5
569,6,0.5
569,247,0.5
570,215,0.5
570,241,0.5
570,121,0.5
570,216,0.5
570,219,0.5
570,10,0.5
570,1355,0.5
571,255,0.5
571,214,0.5
571,245,0.5
571,254,0.5
571,257,0.5
571,4,0.5
571,243,0.5
572,7,0.5
572,13,0.5
572,1027,0.5
573,7,0.5
573,2,0.5
574,9,0.5
575,9,0.5
575,13,0.5
576,236,0.5
576,12,0.5
576,121,0.5
576,219,0.5
576,11,0.5
576,10,0.5
576,4,0.5
576,249,0.5
577,211,0.5
578,236,0.5
578,451,0.5
578,1364,0.5
579,17,0.5
579,13,0.5
579,207,0.5
580,5,0.5
580,220,0.5
580,255,0.5
580,239,0.5
580,10,0.5
580,233,0.5
580,248,0.5
581,7,0.5
583,5,0.5
583,3,0.5
583,8,0.5
585,251,0.5
585,213,0.5
585,2,0.5
585,11,0.5
585,257,0.5
585,4,0.5
586,215,0.5
586,2,0.5
586,205,0.5
586,3,0.5
587,215,0.5
587,7,0.5
587,234,0.5
587,244,0.5
587,13,0.5
587,339,0.5
587,638,0.5
587,336,0.5
587,612,0.5
587,807,0.5
588,250,0.5
588,6,0.5
588,872,0.5
588,1193,0.5
588,806,0.5
588,670,0.5
588,671,0.5
589,215,0.5
589,251,0.5
589,220,0.5
589,9,0.5
589,255,0.5
589,205,0.5
589,3,0.5
589,1183,0.5
590,251,0.5
590,12,0.5
590,247,0.5
591,781,0.5
591,293,0.5
591,696,0.5
591,585,0.5
591,287,0.5
591,307,0.5
591,274,0.5
591,739,0.5
592,235,0.5
592,12,0.5
592,4,0.5
593,7,0.5
593,211,0.5
593,245,0.5
594,239,0.5
597,216,0.5
597,205,0.5
597,219,0.5
597,4,0.5
597,207,0.5
597,233,0.5
598,17,0.5
598,235,0.5
598,11,0.5
598,10,0.5
598,207,0.5
599,13,0.5
600,241,0.5
600,2,0.5
600,4,0.5
601,12,0.5
601,121,0.5
601,217,0.5
601,205,0.5
601,239,0.5
601,11,0.5
601,244,0.5
601,10,0.5
601,257,0.5
602,215,0.5
603,215,0.5
603,7,0.5
603,17,0.5
603,239,0.5
603,207,0.5
604,2,0.5
606,236,0.5
606,12,0.5
606,254,0.5
606,8,0.5
606,253,0.5
606,248,0.5
606,249,0.5
606,247,0.5
607,11,0.5
608,206,0.5
608,220,0.5
608,17,0.5
608,11,0.5
608,10,0.5
608,13,0.5
608,4,0.5
608,247,0.5
608,1373,0.5
610,215,0.5
610,17,0.5
610,257,0.5
610,8,0.5
610,246,0.5
610,84,0.5
613,251,0.5
613,5,0.5
613,2,0.5
613,236,0.5
613,9,0.5
613,217,0.5
613,205,0.5
613,11,0.5
613,207,0.5
613,253,0.5
613,84,0.5
613,247,0.5
614,12,0.5
614,219,0.5
614,212,0.5
614,13,0.5
614,252,0.5
614,4,0.5
614,1055,0.5
615,17,0.5
615,216,0.5
615,255,0.5
615,3,0.5
615,252,0.5
615,233,0.5
616,220,0.5
616,3,0.5
616,1,0.5
616,769,0.5
616,541,0.5
616,898,0.5
616,376,0.5
617,215,0.5
617,250,0.5
617,251,0.5
617,2,0.5
618,17,0.5
618,216,0.5
618,96,0.5
620,235,0.5
620,245,0.5
620,3,0.5
622,250,0.5
622,251,0.5
622,5,0.5
622,211,0.5
622,3,0.5
622,4,0.5
622,246,0.5
623,215,0.5
623,2,0.5
623,11,0.5
623,1,0.5
625,213,0.5
625,5,0.5
625,7,0.5
625,214,0.5
625,239,0.5
625,11,0.5
625,10,0.5
625,252,0.5
626,236,0.5
626,9,0.5
626,216,0.5
626,219,0.5
626,207,0.5
626,8,0.5
626,477,0.5
626,499,0.5
626,657,0.5
626,284,0.5
626,523,0.5
626,983,0.5
626,1195,0.5
626,582,0.5
626,1385,0.5
626,1383,0.5
626,100,0.5
626,729,0.5
626,1379,0.5
626,1050,0.5
626,1391,0.5
628,215,0.5
628,251,0.5
628,7,0.5
628,17,0.5
628,217,0.5
628,10,0.5
628,1,0.5
628,253,0.5
628,550,0.5
629,213,0.5
629,245,0.5
629,219,0.5
629,1,0.5
630,241,0.5
630,9,0.5
630,239,0.5
630,3,0.5
630,207,0.5
630,233,0.5
630,253,0.5
630,247,0.5
631,215,0.5
631,2,0.5
631,12,0.5
631,9,0.5
631,217,0.5
631,245,0.5
631,219,0.5
631,10,0.5
631,253,0.5
631,248,0.5
631,243,0.5
632,8,0.5
633,5,0.5
633,216,0.5
633,234,0.5
633,217,0.5
633,205,0.5
633,214,0.5
633,239,0.5
633,11,0.5
633,10,0.5
633,13,0.5
633,6,0.5
633,246,0.5
634,215,0.5
634,17,0.5
634,12,0.5
634,207,0.5
636,159,0.5
638,250,0.5
638,17,0.5
638,216,0.5
638,211,0.5
638,3,0.5
638,11,0.5
638,10,0.5
638,335,0.5
638,446,0.5
640,1,0.5
640,1404,0.5
640,1400,0.5
640,1402,0.5
641,9,0.5
641,239,0.5
642,10,0.5
643,13,0.5
643,207,0.5
643,218,0.5
644,1,0.5
644,777,0.5
645,241,0.5
645,236,0.5
645,496,0.5
645,1406,0.5
646,215,0.5
646,205,0.5
647,3,0.5
647,665,0.5
647,777,0.5
648,5,0.5
648,7,0.5
648,239,0.5
648,233,0.5
649,4,0.5
650,17,0.5
650,236,0.5
650,205,0.5
650,1,0.5
650,253,0.5
650,84,0.5
652,17,0.5
652,205,0.5
653,250,0.5
653,236,0.5
653,239,0.5
653,3,0.5
653,10,0.5
653,233,0.5
654,10,0.5
654,1,0.5
655,12,0.5
656,12,0.5
656,239,0.5
657,5,0.5
657,220,0.5
657,235,0.5
657,9,0.5
657,121,0.5
657,211,0.5
657,217,0.5
657,205,0.5
657,1,0.5
657,252,0.5
657,233,0.5
657,248,0.5
657,256,0.5
658,220,0.5
658,12,0.5
658,214,0.5
658,219,0.5
658,257,0.5
659,3,0.5
659,347,0.5
659,1174,0.5
660,250,0.5
660,251,0.5
660,241,0.5
660,7,0.5
660,17,0.5
660,211,0.5
660,1,0.5
660,8,0.5
660,6,0.5
661,250,0.5
661,251,0.5
661,5,0.5
661,206,0.5
661,234,0.5
661,239,0.5
661,10,0.5
661,4,0.5
661,248,0.5
662,2,0.5
662,236,0.5
662,216,0.5
662,219,0.5
662,11,0.5
662,4,0.5
662,8,0.5
662,1177,0.5
663,235,0.5
663,211,0.5
663,205,0.5
663,3,0.5
663,219,0.5
663,4,0.5
664,7,0.5
665,246,0.5
666,220,0.5
666,216,0.5
666,234,0.5
666,10,0.5
666,252,0.5
666,207,0.5
666,246,0.5
667,220,0.5
667,17,0.5
667,235,0.5
667,9,0.5
667,217,0.5
667,214,0.5
667,219,0.5
667,212,0.5
667,254,0.5
667,257,0.5
667,253,0.5
667,247,0.5
668,250,0.5
668,205,0.5
668,219,0.5
668,207,0.5
668,305,0.5
669,206,0.5
669,245,0.5
669,219,0.5
669,254,0.5
669,4,0.5
669,8,0.5
669,246,0.5
669,243,0.5
670,215,0.5
670,3,0.5
670,13,0.5
670,1,0.5
670,8,0.5
670,307,0.5
670,659,0.5
670,240,0.5
670,1219,0.5
670,96,0.5
670,1173,0.5
670,297,0.5
670,1072,0.5
670,777,0.5
670,1014,0.5
670,1108,0.5
670,1133,0.5
670,1139,0.5
670,1145,0.5
670,1153,0.5
670,1156,0.5
670,1158,0.5
670,1313,0.5
670,1409,0.5
670,1411,0.5
670,1413,0.5
670,1421,0.5
670,1425,0.5
670,1431,0.5
670,1435,0.5
670,1438,0.5
671,5,0.5
671,220,0.5
671,205,0.5
671,245,0.5
671,207,0.5
671,218,0.5
672,213,0.5
672,7,0.5
672,220,0.5
672,9,0.5
672,219,0.5
672,244,0.5
672,13,0.5
672,1,0.5
672,6,0.5
672,253,0.5
672,84,0.5
672,256,0.5
672,247,0.5
673,121,0.5
673,234,0.5
673,219,0.5
673,212,0.5
673,10,0.5
673,13,0.5
673,257,0.5
673,243,0.5
674,216,0.5
674,239,0.5
674,11,0.5
674,10,0.5
674,207,0.5
674,8,0.5
674,233,0.5
674,253,0.5
675,241,0.5
675,2,0.5
675,239,0.5
675,257,0.5
675,8,0.5
676,12,0.5
677,255,0.5
677,10,0.5
677,1,0.5
677,233,0.5
677,6,0.5
677,249,0.5
677,256,0.5
678,13,0.5
679,215,0.5
679,2,0.5
680,235,0.5
680,207,0.5
681,215,0.5
681,12,0.5
682,4,0.5
683,241,0.5
683,239,0.5
683,13,0.5
683,4,0.5
683,253,0.5
683,318,0.5
683,512,0.5
684,234,0.5
684,4,0.5
685,17,0.5
685,234,0.5
685,13,0.5
685,1,0.5
685,210,0.5
685,246,0.5
686,1,0.5
687,17,0.5
687,257,0.5
690,84,0.5
691,9,0.5
692,217,0.5
692,239,0.5
693,250,0.5
693,213,0.5
693,205,0.5
693,6,0.5
695,236,0.5
695,12,0.5
695,121,0.5
695,205,0.5
695,3,0.5
695,11,0.5
696,2,0.5
697,583,0.5
697,1446,0.5
701,2,0.5
702,1488,0.5
702,659,0.5
702,1459,0.5
702,1060,0.5
702,519,0.5
702,1477,0.5
702,616,0.5
702,1173,0.5
702,1451,0.5
702,779,0.5
702,1486,0.5
702,1044,0.5
702,586,0.5
702,446,0.5
702,870,0.5
702,991,0.5
702,1041,0.5
702,1049,0.5
702,1050,0.5
702,1065,0.5
702,1066,0.5
702,1313,0.5
702,1363,0.5
702,1365,0.5
702,1376,0.5
702,1424,0.5
702,1425,0.5
702,1461,0.5
702,1463,0.5
702,1468,0.5
702,1470,0.5
702,1475,0.5
702,1480,0.5
702,1483,0.5
702,1489,0.5
702,1492,0.5
702,1499,0.5
704,12,0.5
705,5,0.5
705,217,0.5
705,205,0.5
705,214,0.5
705,245,0.5
705,254,0.5
705,252,0.5
705,6,0.5
706,7,0.5
706,205,0.5
706,239,0.5
706,219,0.5
706,1,0.5
707,7,0.5
707,235,0.5
708,1076,0.5
709,10,0.5
710,5,0.5
710,220,0.5
711,9,0.5
711,217,0.5
711,205,0.5
711,239,0.5
711,212,0.5
711,13,0.5
711,8,0.5
712,220,0.5
712,121,0.5
713,7,0.5
713,17,0.5
713,3,0.5
713,8,0.5
714,250,0.5
714,241,0.5
714,236,0.5
714,255,0.5
714,245,0.5
714,11,0.5
714,10,0.5
714,257,0.5
714,8,0.5
714,210,0.5
715,7,0.5
715,206,0.5
715,2,0.5
715,11,0.5
716,213,0.5
716,206,0.5
716,234,0.5
716,217,0.5
716,245,0.5
716,11,0.5
716,10,0.5
716,6,0.5
716,84,0.5
716,1123,0.5
717,9,0.5
717,11,0.5
719,251,0.5
719,220,0.5
719,236,0.5
719,216,0.5
719,219,0.5
719,254,0.5
719,1,0.5
719,210,0.5
719,84,0.5
719,256,0.5
719,243,0.5
720,215,0.5
722,13,0.5
723,205,0.5
724,17,0.5
724,211,0.5
724,214,0.5
724,10,0.5
724,13,0.5
724,8,0.5
724,233,0.5
725,2,0.5
725,299,0.5
725,843,0.5
725,595,0.5
725,677,0.5
725,759,0.5
726,250,0.5
726,236,0.5
726,217,0.5
726,205,0.5
726,245,0.5
726,239,0.5
726,233,0.5
726,210,0.5
727,5,0.5
727,17,0.5
727,2,0.5
727,205,0.5
727,3,0.5
727,257,0.5
727,6,0.5
728,216,0.5
728,1516,0.5
728,1517,0.5
729,241,0.5
729,220,0.5
729,12,0.5
729,121,0.5
729,216,0.5
729,211,0.5
729,217,0.5
729,219,0.5
729,257,0.5
729,4,0.5
729,207,0.5
729,6,0.5
729,253,0.5
729,84,0.5
730,215,0.5
730,5,0.5
730,7,0.5
730,211,0.5
730,214,0.5
730,245,0.5
730,10,0.5
730,207,0.5
730,233,0.5
730,246,0.5
731,5,0.5
731,219,0.5
731,13,0.5
732,2,0.5
732,13,0.5
732,940,0.5
732,307,0.5
732,1518,0.5
733,318,0.5
734,211,0.5
734,245,0.5
734,247,0.5
735,2,0.5
735,3,0.5
735,13,0.5
735,8,0.5
735,246,0.5
736,220,0.5
736,1,0.5
737,219,0.5
737,1,0.5
737,4,0.5
737,233,0.5
738,215,0.5
738,7,0.5
738,216,0.5
738,214,0.5
738,11,0.5
739,347,0.5
739,478,0.5
739,1516,0.5
739,410,0.5
739,310,0.5
740,7,0.5
740,234,0.5
740,233,0.5
741,7,0.5
741,17,0.5
741,12,0.5
743,17,0.5
743,2,0.5
744,5,0.5
744,17,0.5
744,205,0.5
744,245,0.5
744,3,0.5
744,1,0.5
745,241,0.5
745,12,0.5
745,10,0.5
746,251,0.5
746,241,0.5
746,235,0.5
746,239,0.5
746,11,0.5
746,246,0.5
746,270,0.5
746,84,0.5
746,249,0.5
747,5,0.5
747,7,0.5
747,235,0.5
747,216,0.5
747,239,0.5
747,13,0.5
747,233,0.5
747,246,0.5
747,253,0.5
747,248,0.5
747,249,0.5
748,215,0.5
748,212,0.5
749,17,0.5
749,257,0.5
750,215,0.5
750,213,0.5
750,9,0.5
750,214,0.5
750,212,0.5
750,254,0.5
750,10,0.5
750,13,0.5
750,4,0.5
750,6,0.5
750,210,0.5
750,1237,0.5
750,248,0.5
750,243,0.5
750,27,0.5
750,68,0.5
751,2,0.5
752,11,0.5
754,5,0.5
754,257,0.5
756,5,0.5
756,12,0.5
756,1,0.5
756,207,0.5
756,233,0.5
757,17,0.5
757,12,0.5
757,9,0.5
757,216,0.5
757,10,0.5
757,13,0.5
757,233,0.5
757,6,0.5
757,247,0.5
758,2,0.5
759,251,0.5
759,206,0.5
759,9,0.5
759,216,0.5
759,211,0.5
759,217,0.5
759,3,0.5
759,207,0.5
759,233,0.5
760,7,0.5
760,220,0.5
760,235,0.5
760,12,0.5
760,217,0.5
760,245,0.5
760,239,0.5
760,219,0.5
760,4,0.5
760,207,0.5
760,8,0.5
760,6,0.5
760,253,0.5
761,215,0.5
761,213,0.5
761,5,0.5
761,17,0.5
761,236,0.5
761,234,0.5
761,254,0.5
761,4,0.5
762,251,0.5
762,7,0.5
762,206,0.5
762,236,0.5
762,8,0.5
762,256,0.5
763,7,0.5
763,11,0.5
763,207,0.5
764,235,0.5
764,205,0.5
764,781,0.5
764,723,0.5
764,286,0.5
764,1393,0.5
764,318,0.5
764,698,0.5
764,715,0.5
764,392,0.5
764,941,0.5
764,1370,0.5
765,11,0.5
765,13,0.5
766,250,0.5
766,17,0.5
766,8,0.5
768,207,0.5
769,10,0.5
769,583,0.5
769,247,0.5
769,377,0.5
769,1533,0.5
769,1523,0.5
769,1532,0.5
769,385,0.5
769,1526,0.5
769,1531,0.5
770,7,0.5
772,1,0.5
772,257,0.5
772,210,0.5
774,4,0.5
774,836,0.5
775,17,0.5
776,9,0.5
776,216,0.5
776,255,0.5
776,219,0.5
776,1,0.5
776,207,0.5
777,213,0.5
777,235,0.5
777,12,0.5
777,217,0.5
777,3,0.5
777,219,0.5
777,13,0.5
777,253,0.5
778,11,0.5
779,13,0.5
780,17,0.5
780,257,0.5
780,233,0.5
780,210,0.5
780,84,0.5
781,250,0.5
781,206,0.5
781,236,0.5
781,9,0.5
781,234,0.5
781,219,0.5
781,13,0.5
781,4,0.5
781,8,0.5
781,233,0.5
781,6,0.5
781,210,0.5
781,253,0.5
782,5,0.5
782,206,0.5
782,17,0.5
782,205,0.5
783,213,0.5
783,2,0.5
783,1,0.5
784,235,0.5
784,12,0.5
784,121,0.5
784,216,0.5
784,255,0.5
784,234,0.5
784,214,0.5
784,11,0.5
784,252,0.5
784,210,0.5
784,84,0.5
784,256,0.5
785,5,0.5
785,2,0.5
785,10,0.5
786,235,0.5
786,1,0.5
787,12,0.5
788,215,0.5
788,245,0.5
788,11,0.5
788,244,0.5
788,10,0.5
788,1,0.5
788,207,0.5
788,253,0.5
788,243,0.5
789,17,0.5
789,2,0.5
789,12,0.5
789,207,0.5
790,250,0.5
790,213,0.5
790,241,0.5
790,2,0.5
790,216,0.5
790,205,0.5
790,214,0.5
790,245,0.5
790,212,0.5
790,252,0.5
790,210,0.5
791,235,0.5
793,220,0.5
793,12,0.5
793,121,0.5
793,205,0.5
793,4,0.5
794,217,0.5
794,219,0.5
794,11,0.5
794,10,0.5
794,1,0.5
794,207,0.5
795,251,0.5
795,220,0.5
795,216,0.5
795,234,0.5
795,219,0.5
795,4,0.5
795,6,0.5
796,7,0.5
797,215,0.5
797,250,0.5
797,241,0.5
797,12,0.5
797,239,0.5
797,10,0.5
797,8,0.5
797,233,0.5
797,243,0.5
800,251,0.5
800,2,0.5
800,216,0.5
800,211,0.5
800,217,0.5
800,245,0.5
800,212,0.5
800,10,0.5
800,1,0.5
800,252,0.5
800,247,0.5
805,215,0.5
805,9,0.5
805,234,0.5
806,1540,0.5
807,215,0.5
807,17,0.5
810,206,0.5
810,12,0.5
810,9,0.5
812,17,0.5
812,12,0.5
812,217,0.5
812,207,0.5
812,400,0.5
812,1513,0.5
812,366,0.5
812,661,0.5
812,662,0.5
812,663,0.5
812,808,0.5
812,1053,0.5
812,1546,0.5
812,1548,0.5
812,1553,0.5
813,235,0.5
813,8,0.5
813,1556,0.5
813,1557,0.5
814,241,0.5
814,7,0.5
814,206,0.5
814,9,0.5
814,255,0.5
814,205,0.5
814,3,0.5
814,219,0.5
814,10,0.5
814,1,0.5
814,4,0.5
814,210,0.5
814,246,0.5
815,213,0.5
815,241,0.5
815,1,0.5
815,257,0.5
815,84,0.5
815,1166,0.5
815,1168,0.5
815,1179,0.5
817,241,0.5
817,2,0.5
817,12,0.5
817,234,0.5
817,217,0.5
817,252,0.5
817,249,0.5
817,243,0.5
818,213,0.5
818,2,0.5
818,12,0.5
818,211,0.5
818,217,0.5
818,239,0.5
818,1,0.5
818,8,0.5
818,253,0.5
818,84,0.5
818,248,0.5
818,256,0.5
818,243,0.5
819,215,0.5
819,5,0.5
819,2,0.5
819,9,0.5
821,251,0.5
821,235,0.5
821,216,0.5
821,3,0.5
821,252,0.5
821,207,0.5
821,8,0.5
821,233,0.5
821,253,0.5
822,7,0.5
823,207,0.5
825,294,0.5
825,432,0.5
825,400,0.5
825,73,0.5
825,274,0.5
825,681,0.5
826,5,0.5
826,206,0.5
826,2,0.5
826,236,0.5
826,217,0.5
826,219,0.5
826,210,0.5
826,253,0.5
826,84,0.5
826,256,0.5
827,861,0.5
828,239,0.5
828,218,0.5
829,213,0.5
829,10,0.5
829,8,0.5
829,491,0.5
830,241,0.5
830,3,0.5
830,207,0.5
830,425,0.5
830,55,0.5
830,307,0.5
830,1026,0.5
830,300,0.5
830,130,0.5
830,35,0.5
830,66,0.5
830,71,0.5
830,118,0.5
830,136,0.5
830,661,0.5
830,1256,0.5
830,1301,0.5
831,787,0.5
831,383,0.5
831,377,0.5
831,1574,0.5
831,1579,0.5
831,1570,0.5
833,4,0.5
834,17,0.5
834,235,0.5
836,251,0.5
836,241,0.5
836,7,0.5
836,220,0.5
836,121,0.5
836,234,0.5
836,211,0.5
836,219,0.5
836,253,0.5
836,1588,0.5
836,248,0.5
836,1584,0.5
836,1586,0.5
837,251,0.5
837,2,0.5
837,591,0.5
838,215,0.5
838,2,0.5
838,235,0.5
838,211,0.5
838,239,0.5
838,1,0.5
838,257,0.5
838,944,0.5
838,968,0.5
839,7,0.5
839,236,0.5
839,255,0.5
839,11,0.5
839,1029,0.5
839,221,0.5
839,223,0.5
839,226,0.5
839,227,0.5
839,230,0.5
839,231,0.5
839,232,0.5
839,413,0.5
840,235,0.5
840,121,0.5
840,255,0.5
840,8,0.5
841,4,0.5
841,1566,0.5
842,17,0.5
842,9,0.5
842,217,0.5
842,245,0.5
842,244,0.5
842,252,0.5
842,4,0.5
842,781,0.5
842,489,0.5
842,675,0.5
842,249,0.5
842,1075,0.5
842,240,0.5
842,743,0.5
842,461,0.5
842,1077,0.5
843,215,0.5
843,213,0.5
843,234,0.5
843,11,0.5
843,1517,0.5
844,7,0.5
844,207,0.5
845,251,0.5
845,17,0.5
845,12,0.5
845,216,0.5
845,234,0.5
845,205,0.5
845,239,0.5
845,1,0.5
845,585,0.5
845,406,0.5
845,519,0.5
845,616,0.5
845,1604,0.5
845,1603,0.5
845,1614,0.5
845,1610,0.5
845,1607,0.5
845,1072,0.5
845,21,0.5
846,215,0.5
846,251,0.5
846,241,0.5
846,9,0.5
846,11,0.5
847,250,0.5
847,213,0.5
847,206,0.5
847,235,0.5
847,12,0.5
847,205,0.5
847,257,0.5
847,4,0.5
847,8,0.5
847,1221,0.5
847,1195,0.5
847,348,0.5
847,1059,0.5
847,662,0.5
847,999,0.5
847,1001,0.5
847,1620,0.5
847,1624,0.5
848,318,0.5
848,656,0.5
848,1274,0.5
848,560,0.5
849,7,0.5
849,3,0.5
849,746,0.5
849,1631,0.5
849,1632,0.5
851,251,0.5
851,17,0.5
851,214,0.5
851,245,0.5
851,239,0.5
851,219,0.5
851,13,0.5
851,8,0.5
851,246,0.5
851,253,0.5
851,248,0.5
852,250,0.5
852,241,0.5
852,5,0.5
852,2,0.5
852,214,0.5
852,239,0.5
852,212,0.5
852,11,0.5
852,248,0.5
852,249,0.5
852,256,0.5
852,247,0.5
853,8,0.5
854,215,0.5
854,213,0.5
854,241,0.5
854,235,0.5
854,243,0.5
856,257,0.5
857,218,0.5
859,17,0.5
859,12,0.5
859,219,0.5
859,11,0.5
859,10,0.5
859,8,0.5
859,233,0.5
860,205,0.5
861,233,0.5
861,336,0.5
861,1637,0.5
862,17,0.5
862,2,0.5
862,207,0.5
862,476,0.5
863,251,0.5
863,213,0.5
863,17,0.5
863,12,0.5
863,3,0.5
863,219,0.5
864,250,0.5
864,213,0.5
864,5,0.5
864,220,0.5
864,2,0.5
864,216,0.5
864,255,0.5
864,219,0.5
864,212,0.5
864,11,0.5
864,244,0.5
864,13,0.5
864,1,0.5
864,233,0.5
864,253,0.5
864,256,0.5
864,243,0.5
865,250,0.5
865,234,0.5
865,3,0.5
865,11,0.5
865,1,0.5
865,8,0.5
865,233,0.5
865,84,0.5
865,256,0.5
866,2,0.5
867,5,0.5
867,17,0.5
867,2,0.5
867,245,0.5
867,239,0.5
867,244,0.5
867,252,0.5
867,257,0.5
867,246,0.5
867,84,0.5
868,8,0.5
869,2,0.5
870,17,0.5
871,2,0.5
871,216,0.5
871,255,0.5
871,245,0.5
871,239,0.5
871,254,0.5
871,257,0.5
871,8,0.5
871,233,0.5
872,17,0.5
872,207,0.5
872,8,0.5
873,241,0.5
873,2,0.5
873,3,0.5
873,383,0.5
874,215,0.5
874,251,0.5
874,211,0.5
874,214,0.5
874,212,0.5
874,254,0.5
874,10,0.5
874,4,0.5
874,207,0.5
874,256,0.5
874,247,0.5
875,219,0.5
875,11,0.5
876,205,0.5
877,4,0.5
878,234,0.5
878,11,0.5
878,252,0.5
878,8,0.5
878,6,0.5
878,253,0.5
878,256,0.5
879,251,0.5
879,7,0.5
879,2,0.5
879,12,0.5
879,211,0.5
879,205,0.5
879,214,0.5
879,3,0.5
879,219,0.5
879,11,0.5
879,1,0.5
879,233,0.5
880,2,0.5
880,121,0.5
881,10,0.5
882,9,0.5
882,219,0.5
883,251,0.5
883,234,0.5
883,205,0.5
883,11,0.5
883,257,0.5
883,8,0.5
887,215,0.5
888,235,0.5
888,255,0.5
888,4,0.5
889,189,0.5
890,17,0.5
890,2,0.5
890,12,0.5
890,216,0.5
890,212,0.5
891,5,0.5
891,239,0.5
891,207,0.5
891,286,0.5
891,265,0.5
891,269,0.5
891,1084,0.5
891,1094,0.5
891,1102,0.5
891,1111,0.5
892,361,0.5
892,1136,0.5
893,377,0.5
894,7,0.5
894,205,0.5
894,4,0.5
894,698,0.5
895,3,0.5
896,7,0.5
896,121,0.5
896,254,0.5
896,13,0.5
896,8,0.5
896,246,0.5
896,253,0.5
896,256,0.5
896,247,0.5
897,1,0.5
898,397,0.5
898,585,0.5
898,26,0.5
898,442,0.5
898,1199,0.5
898,1202,0.5
898,1292,0.5
899,220,0.5
899,239,0.5
899,10,0.5
899,257,0.5
899,1122,0.5
900,2,0.5
900,235,0.5
900,9,0.5
900,211,0.5
900,245,0.5
900,244,0.5
900,84,0.5
902,3,0.5
902,207,0.5
902,1542,0.5
903,5,0.5
903,255,0.5
903,205,0.5
903,11,0.5
903,207,0.5
905,251,0.5
905,5,0.5
905,206,0.5
905,220,0.5
905,17,0.5
905,2,0.5
905,235,0.5
905,219,0.5
905,244,0.5
905,13,0.5
905,4,0.5
905,253,0.5
905,318,0.5
906,11,0.5
907,251,0.5
907,241,0.5
907,5,0.5
907,220,0.5
907,2,0.5
907,236,0.5
907,12,0.5
907,255,0.5
907,253,0.5
908,251,0.5
908,236,0.5
908,121,0.5
908,255,0.5
908,217,0.5
908,1,0.5
908,249,0.5
909,241,0.5
909,211,0.5
909,214,0.5
909,3,0.5
909,212,0.5
909,244,0.5
909,207,0.5
909,8,0.5
910,215,0.5
910,3,0.5
910,1,0.5
911,215,0.5
911,234,0.5
911,205,0.5
911,253,0.5
912,213,0.5
912,11,0.5
913,235,0.5
913,10,0.5
914,5,0.5
914,7,0.5
914,17,0.5
914,12,0.5
914,239,0.5
914,3,0.5
914,8,0.5
914,6,0.5
914,253,0.5
915,121,0.5
915,234,0.5
916,1445,0.5
916,1446,0.5
917,216,0.5
917,13,0.5
917,248,0.5
917,467,0.5
918,206,0.5
918,235,0.5
918,3,0.5
918,212,0.5
918,10,0.5
918,696,0.5
918,719,0.5
918,84,0.5
918,243,0.5
918,512,0.5
919,234,0.5
919,245,0.5
919,219,0.5
919,249,0.5
920,205,0.5
920,1,0.5
920,246,0.5
921,215,0.5
921,235,0.5
921,12,0.5
921,205,0.5
921,3,0.5
921,244,0.5
921,10,0.5
921,13,0.5
921,252,0.5
921,8,0.5
921,1224,0.5
921,1231,0.5
921,1223,0.5
921,84,0.5
925,234,0.5
925,1,0.5
926,215,0.5
926,13,0.5
927,235,0.5
927,236,0.5
927,1,0.5
928,250,0.5
928,220,0.5
928,9,0.5
928,1,0.5
928,257,0.5
928,84,0.5
929,7,0.5
929,233,0.5
930,213,0.5
930,17,0.5
930,235,0.5
930,121,0.5
930,254,0.5
930,246,0.5
931,206,0.5
931,12,0.5
932,9,0.5
932,10,0.5
932,207,0.5
933,2,0.5
933,1,0.5
935,7,0.5
935,17,0.5
935,244,0.5
935,4,0.5
935,233,0.5
935,210,0.5
936,250,0.5
936,212,0.5
938,12,0.5
938,257,0.5
938,207,0.5
938,1235,0.5
938,1240,0.5
938,1242,0.5
938,1244,0.5
938,1246,0.5
938,1250,0.5
938,1253,0.5
939,7,0.5
939,1661,0.5
939,1663,0.5
940,236,0.5
940,11,0.5
942,217,0.5
942,239,0.5
942,13,0.5
942,1,0.5
942,6,0.5
944,213,0.5
944,241,0.5
944,7,0.5
944,211,0.5
944,3,0.5
944,257,0.5
945,235,0.5
945,239,0.5
945,244,0.5
945,207,0.5
945,233,0.5
946,2,0.5
946,217,0.5
946,212,0.5
946,246,0.5
946,248,0.5
946,247,0.5
947,250,0.5
947,213,0.5
947,206,0.5
947,235,0.5
947,236,0.5
947,234,0.5
947,205,0.5
947,10,0.5
947,252,0.5
947,257,0.5
947,207,0.5
947,253,0.5
947,749,0.5
947,342,0.5
947,1118,0.5
948,241,0.5
948,5,0.5
948,7,0.5
948,206,0.5
948,236,0.5
948,1,0.5
949,12,0.5
949,239,0.5
949,212,0.5
949,11,0.5
949,257,0.5
949,4,0.5
949,233,0.5
949,247,0.5
950,12,0.5
950,9,0.5
950,216,0.5
950,239,0.5
950,10,0.5
950,13,0.5
950,252,0.5
950,257,0.5
951,215,0.5
951,17,0.5
951,236,0.5
951,12,0.5
951,11,0.5
951,13,0.5
952,17,0.5
952,236,0.5
952,3,0.5
952,13,0.5
953,7,0.5
953,8,0.5
957,215,0.5
957,2,0.5
958,215,0.5
958,213,0.5
958,5,0.5
958,7,0.5
958,206,0.5
958,2,0.5
958,235,0.5
958,236,0.5
958,255,0.5
958,245,0.5
958,239,0.5
958,219,0.5
958,254,0.5
958,10,0.5
958,207,0.5
958,248,0.5
959,2,0.5
959,214,0.5
959,239,0.5
959,212,0.5
960,17,0.5
960,1431,0.5
962,7,0.5
962,205,0.5
962,207,0.5
963,769,0.5
963,478,0.5
963,597,0.5
963,1675,0.5
963,355,0.5
963,925,0.5
965,213,0.5
965,241,0.5
965,2,0.5
965,235,0.5
965,121,0.5
965,216,0.5
965,205,0.5
965,245,0.5
965,212,0.5
965,11,0.5
965,257,0.5
965,246,0.5
965,218,0.5
965,397,0.5
965,696,0.5
965,442,0.5
965,694,0.5
967,7,0.5
967,2,0.5
967,9,0.5
967,1,0.5
969,590,0.5
969,769,0.5
969,345,0.5
969,502,0.5
969,705,0.5
969,393,0.5
969,304,0.5
969,947,0.5
969,167,0.5
969,1598,0.5
969,274,0.5
969,798,0.5
969,1702,0.5
969,599,0.5
969,268,0.5
969,1724,0.5
969,295,0.5
969,370,0.5
969,429,0.5
969,861,0.5
969,908,0.5
969,1520,0.5
969,1685,0.5
969,1693,0.5
969,1697,0.5
969,1699,0.5
969,1700,0.5
969,1706,0.5
969,1708,0.5
969,1716,0.5
969,1721,0.5
969,1722,0.5
969,1727,0.5
969,1741,0.5
969,1742,0.5
969,1745,0.5
969,1752,0.5
969,1753,0.5
969,1757,0.5
969,1761,0.5
969,1763,0.5
970,121,0.5
970,234,0.5
970,219,0.5
970,249,0.5
971,213,0.5
971,7,0.5
971,17,0.5
971,217,0.5
971,245,0.5
971,11,0.5
971,207,0.5
971,249,0.5
972,215,0.5
972,5,0.5
972,7,0.5
972,220,0.5
972,236,0.5
972,9,0.5
972,245,0.5
972,256,0.5
973,7,0.5
973,17,0.5
973,236,0.5
976,215,0.5
977,207,0.5
977,8,0.5
978,12,0.5
978,509,0.5
979,206,0.5
979,1,0.5
980,7,0.5
980,11,0.5
981,5,0.5
981,7,0.5
981,3,0.5
981,212,0.5
981,254,0.5
981,11,0.5
981,257,0.5
981,210,0.5
982,9,0.5
982,216,0.5
982,205,0.5
982,245,0.5
982,219,0.5
982,11,0.5
982,210,0.5
982,243,0.5
984,7,0.5
984,121,0.5
984,239,0.5
984,219,0.5
984,212,0.5
984,84,0.5
985,213,0.5
985,2,0.5
987,213,0.5
987,241,0.5
987,7,0.5
987,236,0.5
987,234,0.5
987,244,0.5
987,13,0.5
987,207,0.5
987,248,0.5
987,249,0.5
987,256,0.5
987,243,0.5
988,215,0.5
988,220,0.5
988,2,0.5
988,235,0.5
988,216,0.5
988,211,0.5
988,205,0.5
988,214,0.5
988,233,0.5
988,6,0.5
988,243,0.5
988,247,0.5
989,205,0.5
989,219,0.5
989,11,0.5
989,4,0.5
989,207,0.5
989,8,0.5
989,565,0.5
989,1368,0.5
990,239,0.5
991,215,0.5
991,236,0.5
991,214,0.5
991,239,0.5
991,4,0.5
993,213,0.5
993,13,0.5
994,11,0.5
995,250,0.5
995,241,0.5
995,220,0.5
995,17,0.5
995,216,0.5
995,11,0.5
995,8,0.5
995,253,0.5
995,249,0.5
996,1,0.5
998,207,0.5
998,167,0.5
998,834,0.5
998,1769,0.5
998,1770,0.5
998,1780,0.5
999,17,0.5
999,219,0.5
999,10,0.5
999,689,0.5
999,253,0.5
999,247,0.5
1000,5,0.5
1000,206,0.5
1000,236,0.5
1000,12,0.5
1000,9,0.5
1000,216,0.5
1000,205,0.5
1000,214,0.5
1000,245,0.5
1000,252,0.5
1000,6,0.5
1001,251,0.5
1001,2,0.5
1001,236,0.5
1001,121,0.5
1001,234,0.5
1001,13,0.5
1001,257,0.5
1001,207,0.5
1001,8,0.5
1001,233,0.5
1001,84,0.5
1002,205,0.5
1002,219,0.5
1002,8,0.5
1002,589,0.5
1002,1754,0.5
1003,220,0.5
1003,9,0.5
1003,216,0.5
1003,234,0.5
1003,211,0.5
1003,214,0.5
1003,245,0.5
1003,239,0.5
1003,219,0.5
1003,11,0.5
1003,252,0.5
1003,8,0.5
1003,6,0.5
1003,253,0.5
1003,249,0.5
1004,12,0.5
1004,10,0.5
1004,8,0.5
1004,253,0.5
1004,243,0.5
1006,5,0.5
1006,206,0.5
1006,12,0.5
1006,234,0.5
1006,245,0.5
1006,13,0.5
1006,8,0.5
1006,253,0.5
1006,84,0.5
1006,243,0.5
1006,1551,0.5
1007,235,0.5
1007,236,0.5
1007,219,0.5
1007,207,0.5
1008,2,0.5
1008,234,0.5
1008,205,0.5
1008,1,0.5
1008,4,0.5
1009,215,0.5
1009,220,0.5
1009,4,0.5
1009,8,0.5
1010,215,0.5
1010,205,0.5
1010,1,0.5
1010,257,0.5
1011,9,0.5
1012,213,0.5
1012,13,0.5
1013,213,0.5
1013,9,0.5
1013,3,0.5
1013,13,0.5
1014,215,0.5
1014,213,0.5
1014,216,0.5
1014,219,0.5
1014,11,0.5
1015,9,0.5
1015,3,0.5
1017,572,0.5
1017,343,0.5
1018,2,0.5
1018,219,0.5
1018,278,0.5
1018,845,0.5
1018,1802,0.5
1018,1801,0.5
1019,213,0.5
1019,13,0.5
1019,8,0.5
1019,611,0.5
1019,1073,0.5
1019,1085,0.5
1019,1089,0.5
1020,10,0.5
1021,13,0.5
1022,251,0.5
1022,2,0.5
1022,245,0.5
1022,239,0.5
1022,254,0.5
1023,12,0.5
1023,11,0.5
1024,215,0.5
1024,206,0.5
1024,2,0.5
1024,121,0.5
1024,216,0.5
1024,10,0.5
1025,11,0.5
1027,3,0.5
1029,586,0.5
1030,11,0.5
1030,1,0.5
1030,207,0.5
1030,969,0.5
1033,533,0.5
1034,2,0.5
1034,211,0.5
1034,217,0.5
1034,1655,0.5
1034,903,0.5
1034,620,0.5
1034,465,0.5
1034,42,0.5
1034,303,0.5
1034,441,0.5
1034,863,0.5
1034,1103,0.5
1034,1119,0.5
1034,1415,0.5
1034,1812,0.5
1034,1825,0.5
1034,1827,0.5
1036,12,0.5
1037,8,0.5
1037,1340,0.5
1038,250,0.5
1038,241,0.5
1038,7,0.5
1038,211,0.5
1038,217,0.5
1038,205,0.5
1038,1,0.5
1038,252,0.5
1038,8,0.5
1038,233,0.5
1038,6,0.5
1038,246,0.5
1038,84,0.5
1038,249,0.5
1039,2,0.5
1039,254,0.5
1039,87,0.5
1039,1831,0.5
1039,340,0.5
1039,563,0.5
1039,1257,0.5
1039,267,0.5
1039,534,0.5
1039,1034,0.5
1039,167,0.5
1039,900,0.5
1039,240,0.5
1039,927,0.5
1039,1829,0.5
1039,1038,0.5
1039,1559,0.5
1039,839,0.5
1039,16,0.5
1039,41,0.5
1039,58,0.5
1039,105,0.5
1039,112,0.5
1039,135,0.5
1039,190,0.5
1039,259,0.5
1039,280,0.5
1039,1017,0.5
1039,1100,0.5
1039,1251,0.5
1039,1491,0.5
1040,207,0.5
1041,270,0.5
1041,706,0.5
1041,606,0.5
1041,266,0.5
1042,1695,0.5
1044,7,0.5
1045,17,0.5
1046,5,0.5
1046,121,0.5
1046,214,0.5
1046,239,0.5
1046,212,0.5
1046,254,0.5
1046,13,0.5
1046,210,0.5
1046,246,0.5
1047,17,0.5
1047,211,0.5
1047,3,0.5
1047,11,0.5
1047,13,0.5
1047,207,0.5
1048,245,0.5
1048,239,0.5
1048,10,0.5
1048,207,0.5
1049,220,0.5
